geo,time,mean_years_in_school_men_25_to_34_years
afg,1970,1.36
afg,1971,1.39
afg,1972,1.43
afg,1973,1.47
afg,1974,1.51
afg,1975,1.55
afg,1976,1.59
afg,1977,1.63
afg,1978,1.67
afg,1979,1.71
afg,1980,1.76
afg,1981,1.8
afg,1982,1.85
afg,1983,1.9
afg,1984,1.95
afg,1985,2
afg,1986,2.05
afg,1987,2.1
afg,1988,2.15
afg,1989,2.21
afg,1990,2.26
afg,1991,2.32
afg,1992,2.38
afg,1993,2.44
afg,1994,2.5
afg,1995,2.56
afg,1996,2.63
afg,1997,2.69
afg,1998,2.76
afg,1999,2.83
afg,2000,2.9
afg,2001,2.97
afg,2002,3.04
afg,2003,3.11
afg,2004,3.19
afg,2005,3.27
afg,2006,3.35
afg,2007,3.43
afg,2008,3.51
afg,2009,3.59
afg,2010,3.68
afg,2011,3.76
afg,2012,3.85
afg,2013,3.94
afg,2014,4.04
afg,2015,4.13
ago,1970,2.77
ago,1971,2.84
ago,1972,2.91
ago,1973,2.98
ago,1974,3.05
ago,1975,3.12
ago,1976,3.2
ago,1977,3.27
ago,1978,3.35
ago,1979,3.43
ago,1980,3.51
ago,1981,3.59
ago,1982,3.67
ago,1983,3.76
ago,1984,3.85
ago,1985,3.93
ago,1986,4.02
ago,1987,4.11
ago,1988,4.21
ago,1989,4.3
ago,1990,4.39
ago,1991,4.49
ago,1992,4.59
ago,1993,4.69
ago,1994,4.79
ago,1995,4.89
ago,1996,5
ago,1997,5.1
ago,1998,5.21
ago,1999,5.32
ago,2000,5.43
ago,2001,5.54
ago,2002,5.65
ago,2003,5.77
ago,2004,5.88
ago,2005,6
ago,2006,6.12
ago,2007,6.24
ago,2008,6.36
ago,2009,6.48
ago,2010,6.61
ago,2011,6.73
ago,2012,6.86
ago,2013,6.98
ago,2014,7.11
ago,2015,7.24
alb,1970,6.1
alb,1971,6.22
alb,1972,6.34
alb,1973,6.46
alb,1974,6.58
alb,1975,6.7
alb,1976,6.83
alb,1977,6.95
alb,1978,7.08
alb,1979,7.21
alb,1980,7.33
alb,1981,7.46
alb,1982,7.59
alb,1983,7.72
alb,1984,7.85
alb,1985,7.98
alb,1986,8.12
alb,1987,8.25
alb,1988,8.38
alb,1989,8.51
alb,1990,8.65
alb,1991,8.78
alb,1992,8.91
alb,1993,9.04
alb,1994,9.18
alb,1995,9.31
alb,1996,9.44
alb,1997,9.57
alb,1998,9.7
alb,1999,9.84
alb,2000,9.97
alb,2001,10.1
alb,2002,10.23
alb,2003,10.37
alb,2004,10.5
alb,2005,10.63
alb,2006,10.77
alb,2007,10.9
alb,2008,11.03
alb,2009,11.16
alb,2010,11.3
alb,2011,11.43
alb,2012,11.56
alb,2013,11.7
alb,2014,11.83
alb,2015,11.96
and,1970,8.35
and,1971,8.48
and,1972,8.62
and,1973,8.76
and,1974,8.9
and,1975,9.04
and,1976,9.17
and,1977,9.31
and,1978,9.45
and,1979,9.59
and,1980,9.73
and,1981,9.87
and,1982,10.01
and,1983,10.15
and,1984,10.3
and,1985,10.44
and,1986,10.57
and,1987,10.71
and,1988,10.85
and,1989,10.99
and,1990,11.13
and,1991,11.27
and,1992,11.41
and,1993,11.54
and,1994,11.68
and,1995,11.81
and,1996,11.95
and,1997,12.08
and,1998,12.22
and,1999,12.35
and,2000,12.48
and,2001,12.61
and,2002,12.74
and,2003,12.87
and,2004,13
and,2005,13.12
and,2006,13.25
and,2007,13.37
and,2008,13.5
and,2009,13.62
and,2010,13.74
and,2011,13.86
and,2012,13.98
and,2013,14.1
and,2014,14.21
and,2015,14.33
are,1970,4.52
are,1971,4.64
are,1972,4.76
are,1973,4.89
are,1974,5.02
are,1975,5.15
are,1976,5.29
are,1977,5.43
are,1978,5.57
are,1979,5.72
are,1980,5.88
are,1981,6.04
are,1982,6.2
are,1983,6.37
are,1984,6.55
are,1985,6.73
are,1986,6.92
are,1987,7.12
are,1988,7.32
are,1989,7.53
are,1990,7.75
are,1991,7.98
are,1992,8.22
are,1993,8.47
are,1994,8.73
are,1995,9
are,1996,9.22
are,1997,9.43
are,1998,9.63
are,1999,9.83
are,2000,10.02
are,2001,10.21
are,2002,10.4
are,2003,10.58
are,2004,10.75
are,2005,10.93
are,2006,11.1
are,2007,11.26
are,2008,11.43
are,2009,11.59
are,2010,11.74
are,2011,11.9
are,2012,12.05
are,2013,12.2
are,2014,12.34
are,2015,12.49
arg,1970,6.58
arg,1971,6.7
arg,1972,6.82
arg,1973,6.94
arg,1974,7.06
arg,1975,7.18
arg,1976,7.3
arg,1977,7.42
arg,1978,7.54
arg,1979,7.66
arg,1980,7.79
arg,1981,7.91
arg,1982,8.03
arg,1983,8.15
arg,1984,8.27
arg,1985,8.39
arg,1986,8.51
arg,1987,8.63
arg,1988,8.75
arg,1989,8.86
arg,1990,8.98
arg,1991,9.09
arg,1992,9.2
arg,1993,9.31
arg,1994,9.42
arg,1995,9.53
arg,1996,9.64
arg,1997,9.76
arg,1998,9.88
arg,1999,10
arg,2000,10.12
arg,2001,10.24
arg,2002,10.36
arg,2003,10.49
arg,2004,10.61
arg,2005,10.74
arg,2006,10.86
arg,2007,10.99
arg,2008,11.12
arg,2009,11.25
arg,2010,11.37
arg,2011,11.5
arg,2012,11.63
arg,2013,11.76
arg,2014,11.89
arg,2015,12.01
arm,1970,6.97
arm,1971,7.1
arm,1972,7.23
arm,1973,7.36
arm,1974,7.49
arm,1975,7.62
arm,1976,7.75
arm,1977,7.88
arm,1978,8.02
arm,1979,8.15
arm,1980,8.28
arm,1981,8.41
arm,1982,8.54
arm,1983,8.67
arm,1984,8.79
arm,1985,8.92
arm,1986,9.05
arm,1987,9.17
arm,1988,9.29
arm,1989,9.41
arm,1990,9.53
arm,1991,9.65
arm,1992,9.77
arm,1993,9.88
arm,1994,9.99
arm,1995,10.11
arm,1996,10.21
arm,1997,10.33
arm,1998,10.44
arm,1999,10.55
arm,2000,10.67
arm,2001,10.78
arm,2002,10.9
arm,2003,11.02
arm,2004,11.14
arm,2005,11.26
arm,2006,11.38
arm,2007,11.5
arm,2008,11.63
arm,2009,11.75
arm,2010,11.88
arm,2011,12.01
arm,2012,12.13
arm,2013,12.26
arm,2014,12.39
arm,2015,12.52
atg,1970,7.09
atg,1971,7.22
atg,1972,7.35
atg,1973,7.48
atg,1974,7.61
atg,1975,7.75
atg,1976,7.88
atg,1977,8.01
atg,1978,8.15
atg,1979,8.28
atg,1980,8.42
atg,1981,8.56
atg,1982,8.69
atg,1983,8.83
atg,1984,8.97
atg,1985,9.11
atg,1986,9.25
atg,1987,9.39
atg,1988,9.53
atg,1989,9.67
atg,1990,9.81
atg,1991,9.95
atg,1992,10.09
atg,1993,10.23
atg,1994,10.37
atg,1995,10.51
atg,1996,10.64
atg,1997,10.78
atg,1998,10.92
atg,1999,11.06
atg,2000,11.2
atg,2001,11.33
atg,2002,11.47
atg,2003,11.61
atg,2004,11.74
atg,2005,11.88
atg,2006,12.01
atg,2007,12.15
atg,2008,12.28
atg,2009,12.41
atg,2010,12.54
atg,2011,12.67
atg,2012,12.8
atg,2013,12.93
atg,2014,13.06
atg,2015,13.18
aus,1970,8.76
aus,1971,8.9
aus,1972,9.04
aus,1973,9.17
aus,1974,9.31
aus,1975,9.45
aus,1976,9.58
aus,1977,9.72
aus,1978,9.85
aus,1979,9.98
aus,1980,10.11
aus,1981,10.24
aus,1982,10.37
aus,1983,10.49
aus,1984,10.62
aus,1985,10.74
aus,1986,10.86
aus,1987,10.97
aus,1988,11.09
aus,1989,11.2
aus,1990,11.31
aus,1991,11.42
aus,1992,11.52
aus,1993,11.63
aus,1994,11.73
aus,1995,11.83
aus,1996,11.94
aus,1997,12.04
aus,1998,12.15
aus,1999,12.26
aus,2000,12.37
aus,2001,12.48
aus,2002,12.59
aus,2003,12.71
aus,2004,12.82
aus,2005,12.94
aus,2006,13.06
aus,2007,13.18
aus,2008,13.3
aus,2009,13.42
aus,2010,13.54
aus,2011,13.66
aus,2012,13.78
aus,2013,13.9
aus,2014,14.03
aus,2015,14.15
aut,1970,8.36
aut,1971,8.49
aut,1972,8.61
aut,1973,8.73
aut,1974,8.85
aut,1975,8.97
aut,1976,9.09
aut,1977,9.21
aut,1978,9.32
aut,1979,9.43
aut,1980,9.55
aut,1981,9.66
aut,1982,9.76
aut,1983,9.87
aut,1984,9.97
aut,1985,10.07
aut,1986,10.17
aut,1987,10.27
aut,1988,10.36
aut,1989,10.45
aut,1990,10.54
aut,1991,10.63
aut,1992,10.71
aut,1993,10.79
aut,1994,10.86
aut,1995,10.93
aut,1996,11.02
aut,1997,11.12
aut,1998,11.22
aut,1999,11.32
aut,2000,11.42
aut,2001,11.53
aut,2002,11.63
aut,2003,11.74
aut,2004,11.85
aut,2005,11.96
aut,2006,12.08
aut,2007,12.19
aut,2008,12.31
aut,2009,12.42
aut,2010,12.54
aut,2011,12.66
aut,2012,12.77
aut,2013,12.89
aut,2014,13.01
aut,2015,13.13
aze,1970,7.46
aze,1971,7.6
aze,1972,7.73
aze,1973,7.86
aze,1974,8
aze,1975,8.13
aze,1976,8.27
aze,1977,8.41
aze,1978,8.54
aze,1979,8.68
aze,1980,8.81
aze,1981,8.95
aze,1982,9.08
aze,1983,9.21
aze,1984,9.35
aze,1985,9.48
aze,1986,9.61
aze,1987,9.74
aze,1988,9.87
aze,1989,9.99
aze,1990,10.12
aze,1991,10.24
aze,1992,10.36
aze,1993,10.48
aze,1994,10.6
aze,1995,10.71
aze,1996,10.82
aze,1997,10.94
aze,1998,11.05
aze,1999,11.16
aze,2000,11.27
aze,2001,11.38
aze,2002,11.5
aze,2003,11.61
aze,2004,11.73
aze,2005,11.84
aze,2006,11.96
aze,2007,12.07
aze,2008,12.19
aze,2009,12.31
aze,2010,12.43
aze,2011,12.55
aze,2012,12.66
aze,2013,12.78
aze,2014,12.9
aze,2015,13.02
bdi,1970,1.84
bdi,1971,1.89
bdi,1972,1.94
bdi,1973,1.99
bdi,1974,2.04
bdi,1975,2.09
bdi,1976,2.15
bdi,1977,2.2
bdi,1978,2.26
bdi,1979,2.32
bdi,1980,2.38
bdi,1981,2.44
bdi,1982,2.5
bdi,1983,2.56
bdi,1984,2.63
bdi,1985,2.69
bdi,1986,2.76
bdi,1987,2.83
bdi,1988,2.9
bdi,1989,2.97
bdi,1990,3.05
bdi,1991,3.12
bdi,1992,3.2
bdi,1993,3.28
bdi,1994,3.36
bdi,1995,3.45
bdi,1996,3.53
bdi,1997,3.62
bdi,1998,3.71
bdi,1999,3.8
bdi,2000,3.89
bdi,2001,3.98
bdi,2002,4.08
bdi,2003,4.17
bdi,2004,4.27
bdi,2005,4.37
bdi,2006,4.47
bdi,2007,4.57
bdi,2008,4.67
bdi,2009,4.77
bdi,2010,4.88
bdi,2011,4.99
bdi,2012,5.09
bdi,2013,5.2
bdi,2014,5.31
bdi,2015,5.43
bel,1970,8.27
bel,1971,8.39
bel,1972,8.52
bel,1973,8.65
bel,1974,8.78
bel,1975,8.91
bel,1976,9.04
bel,1977,9.16
bel,1978,9.29
bel,1979,9.42
bel,1980,9.55
bel,1981,9.67
bel,1982,9.8
bel,1983,9.92
bel,1984,10.05
bel,1985,10.17
bel,1986,10.3
bel,1987,10.42
bel,1988,10.54
bel,1989,10.67
bel,1990,10.79
bel,1991,10.9
bel,1992,11.02
bel,1993,11.14
bel,1994,11.25
bel,1995,11.36
bel,1996,11.49
bel,1997,11.62
bel,1998,11.75
bel,1999,11.88
bel,2000,12.01
bel,2001,12.14
bel,2002,12.27
bel,2003,12.4
bel,2004,12.53
bel,2005,12.66
bel,2006,12.79
bel,2007,12.91
bel,2008,13.04
bel,2009,13.16
bel,2010,13.29
bel,2011,13.41
bel,2012,13.53
bel,2013,13.65
bel,2014,13.77
bel,2015,13.89
ben,1970,1.98
ben,1971,2.03
ben,1972,2.08
ben,1973,2.13
ben,1974,2.19
ben,1975,2.24
ben,1976,2.3
ben,1977,2.36
ben,1978,2.41
ben,1979,2.48
ben,1980,2.54
ben,1981,2.6
ben,1982,2.66
ben,1983,2.73
ben,1984,2.8
ben,1985,2.86
ben,1986,2.93
ben,1987,3
ben,1988,3.08
ben,1989,3.15
ben,1990,3.23
ben,1991,3.3
ben,1992,3.38
ben,1993,3.46
ben,1994,3.54
ben,1995,3.62
ben,1996,3.71
ben,1997,3.79
ben,1998,3.88
ben,1999,3.97
ben,2000,4.06
ben,2001,4.15
ben,2002,4.24
ben,2003,4.33
ben,2004,4.43
ben,2005,4.53
ben,2006,4.63
ben,2007,4.73
ben,2008,4.83
ben,2009,4.93
ben,2010,5.04
ben,2011,5.14
ben,2012,5.25
ben,2013,5.36
ben,2014,5.47
ben,2015,5.59
bfa,1970,0.95
bfa,1971,0.98
bfa,1972,1.01
bfa,1973,1.03
bfa,1974,1.06
bfa,1975,1.09
bfa,1976,1.12
bfa,1977,1.15
bfa,1978,1.18
bfa,1979,1.21
bfa,1980,1.25
bfa,1981,1.28
bfa,1982,1.32
bfa,1983,1.35
bfa,1984,1.39
bfa,1985,1.43
bfa,1986,1.46
bfa,1987,1.5
bfa,1988,1.54
bfa,1989,1.59
bfa,1990,1.63
bfa,1991,1.67
bfa,1992,1.72
bfa,1993,1.76
bfa,1994,1.81
bfa,1995,1.86
bfa,1996,1.91
bfa,1997,1.96
bfa,1998,2.01
bfa,1999,2.06
bfa,2000,2.12
bfa,2001,2.17
bfa,2002,2.23
bfa,2003,2.29
bfa,2004,2.34
bfa,2005,2.4
bfa,2006,2.46
bfa,2007,2.53
bfa,2008,2.59
bfa,2009,2.65
bfa,2010,2.72
bfa,2011,2.79
bfa,2012,2.86
bfa,2013,2.93
bfa,2014,3
bfa,2015,3.07
bgd,1970,2.41
bgd,1971,2.47
bgd,1972,2.53
bgd,1973,2.59
bgd,1974,2.66
bgd,1975,2.72
bgd,1976,2.79
bgd,1977,2.86
bgd,1978,2.93
bgd,1979,3
bgd,1980,3.07
bgd,1981,3.15
bgd,1982,3.22
bgd,1983,3.3
bgd,1984,3.38
bgd,1985,3.46
bgd,1986,3.54
bgd,1987,3.62
bgd,1988,3.7
bgd,1989,3.79
bgd,1990,3.88
bgd,1991,3.97
bgd,1992,4.06
bgd,1993,4.15
bgd,1994,4.25
bgd,1995,4.34
bgd,1996,4.44
bgd,1997,4.53
bgd,1998,4.63
bgd,1999,4.73
bgd,2000,4.83
bgd,2001,4.94
bgd,2002,5.04
bgd,2003,5.15
bgd,2004,5.26
bgd,2005,5.36
bgd,2006,5.47
bgd,2007,5.59
bgd,2008,5.7
bgd,2009,5.81
bgd,2010,5.93
bgd,2011,6.05
bgd,2012,6.17
bgd,2013,6.29
bgd,2014,6.41
bgd,2015,6.53
bgr,1970,8.33
bgr,1971,8.45
bgr,1972,8.57
bgr,1973,8.68
bgr,1974,8.8
bgr,1975,8.91
bgr,1976,9.03
bgr,1977,9.14
bgr,1978,9.25
bgr,1979,9.35
bgr,1980,9.46
bgr,1981,9.56
bgr,1982,9.66
bgr,1983,9.76
bgr,1984,9.85
bgr,1985,9.94
bgr,1986,10.03
bgr,1987,10.12
bgr,1988,10.2
bgr,1989,10.27
bgr,1990,10.35
bgr,1991,10.42
bgr,1992,10.48
bgr,1993,10.55
bgr,1994,10.6
bgr,1995,10.66
bgr,1996,10.75
bgr,1997,10.83
bgr,1998,10.92
bgr,1999,11.02
bgr,2000,11.11
bgr,2001,11.21
bgr,2002,11.32
bgr,2003,11.42
bgr,2004,11.52
bgr,2005,11.63
bgr,2006,11.74
bgr,2007,11.85
bgr,2008,11.96
bgr,2009,12.08
bgr,2010,12.19
bgr,2011,12.31
bgr,2012,12.42
bgr,2013,12.54
bgr,2014,12.66
bgr,2015,12.78
bhr,1970,4.1
bhr,1971,4.21
bhr,1972,4.32
bhr,1973,4.43
bhr,1974,4.54
bhr,1975,4.66
bhr,1976,4.77
bhr,1977,4.9
bhr,1978,5.02
bhr,1979,5.14
bhr,1980,5.27
bhr,1981,5.4
bhr,1982,5.53
bhr,1983,5.67
bhr,1984,5.8
bhr,1985,5.94
bhr,1986,6.08
bhr,1987,6.22
bhr,1988,6.37
bhr,1989,6.51
bhr,1990,6.66
bhr,1991,6.81
bhr,1992,6.96
bhr,1993,7.11
bhr,1994,7.26
bhr,1995,7.41
bhr,1996,7.52
bhr,1997,7.63
bhr,1998,7.74
bhr,1999,7.85
bhr,2000,7.97
bhr,2001,8.08
bhr,2002,8.2
bhr,2003,8.31
bhr,2004,8.43
bhr,2005,8.55
bhr,2006,8.67
bhr,2007,8.79
bhr,2008,8.91
bhr,2009,9.03
bhr,2010,9.15
bhr,2011,9.28
bhr,2012,9.41
bhr,2013,9.54
bhr,2014,9.66
bhr,2015,9.79
bhs,1970,6.64
bhs,1971,6.77
bhs,1972,6.89
bhs,1973,7.02
bhs,1974,7.15
bhs,1975,7.28
bhs,1976,7.41
bhs,1977,7.55
bhs,1978,7.68
bhs,1979,7.81
bhs,1980,7.95
bhs,1981,8.08
bhs,1982,8.22
bhs,1983,8.36
bhs,1984,8.49
bhs,1985,8.63
bhs,1986,8.77
bhs,1987,8.91
bhs,1988,9.05
bhs,1989,9.19
bhs,1990,9.33
bhs,1991,9.47
bhs,1992,9.61
bhs,1993,9.75
bhs,1994,9.89
bhs,1995,10.03
bhs,1996,10.17
bhs,1997,10.3
bhs,1998,10.44
bhs,1999,10.58
bhs,2000,10.72
bhs,2001,10.86
bhs,2002,11
bhs,2003,11.13
bhs,2004,11.27
bhs,2005,11.41
bhs,2006,11.54
bhs,2007,11.68
bhs,2008,11.81
bhs,2009,11.95
bhs,2010,12.08
bhs,2011,12.21
bhs,2012,12.35
bhs,2013,12.48
bhs,2014,12.61
bhs,2015,12.74
bih,1970,5.38
bih,1971,5.49
bih,1972,5.6
bih,1973,5.71
bih,1974,5.82
bih,1975,5.94
bih,1976,6.05
bih,1977,6.17
bih,1978,6.29
bih,1979,6.41
bih,1980,6.53
bih,1981,6.65
bih,1982,6.77
bih,1983,6.9
bih,1984,7.02
bih,1985,7.15
bih,1986,7.28
bih,1987,7.4
bih,1988,7.53
bih,1989,7.66
bih,1990,7.79
bih,1991,7.92
bih,1992,8.06
bih,1993,8.19
bih,1994,8.32
bih,1995,8.46
bih,1996,8.6
bih,1997,8.74
bih,1998,8.88
bih,1999,9.02
bih,2000,9.16
bih,2001,9.3
bih,2002,9.45
bih,2003,9.59
bih,2004,9.73
bih,2005,9.88
bih,2006,10.02
bih,2007,10.17
bih,2008,10.32
bih,2009,10.46
bih,2010,10.61
bih,2011,10.75
bih,2012,10.89
bih,2013,11.04
bih,2014,11.18
bih,2015,11.32
blr,1970,7.63
blr,1971,7.76
blr,1972,7.89
blr,1973,8.03
blr,1974,8.16
blr,1975,8.29
blr,1976,8.43
blr,1977,8.57
blr,1978,8.7
blr,1979,8.84
blr,1980,8.98
blr,1981,9.12
blr,1982,9.26
blr,1983,9.4
blr,1984,9.54
blr,1985,9.68
blr,1986,9.82
blr,1987,9.96
blr,1988,10.1
blr,1989,10.25
blr,1990,10.39
blr,1991,10.54
blr,1992,10.68
blr,1993,10.83
blr,1994,10.98
blr,1995,11.13
blr,1996,11.29
blr,1997,11.45
blr,1998,11.62
blr,1999,11.78
blr,2000,11.94
blr,2001,12.1
blr,2002,12.26
blr,2003,12.42
blr,2004,12.57
blr,2005,12.73
blr,2006,12.88
blr,2007,13.03
blr,2008,13.18
blr,2009,13.32
blr,2010,13.47
blr,2011,13.61
blr,2012,13.75
blr,2013,13.88
blr,2014,14.01
blr,2015,14.14
blz,1970,4.36
blz,1971,4.46
blz,1972,4.56
blz,1973,4.66
blz,1974,4.76
blz,1975,4.86
blz,1976,4.96
blz,1977,5.07
blz,1978,5.17
blz,1979,5.28
blz,1980,5.39
blz,1981,5.5
blz,1982,5.61
blz,1983,5.73
blz,1984,5.84
blz,1985,5.96
blz,1986,6.07
blz,1987,6.19
blz,1988,6.31
blz,1989,6.43
blz,1990,6.55
blz,1991,6.67
blz,1992,6.8
blz,1993,6.92
blz,1994,7.05
blz,1995,7.17
blz,1996,7.29
blz,1997,7.42
blz,1998,7.54
blz,1999,7.67
blz,2000,7.79
blz,2001,7.92
blz,2002,8.05
blz,2003,8.18
blz,2004,8.31
blz,2005,8.44
blz,2006,8.58
blz,2007,8.71
blz,2008,8.84
blz,2009,8.98
blz,2010,9.11
blz,2011,9.25
blz,2012,9.38
blz,2013,9.52
blz,2014,9.66
blz,2015,9.79
bol,1970,5.01
bol,1971,5.12
bol,1972,5.23
bol,1973,5.34
bol,1974,5.45
bol,1975,5.57
bol,1976,5.69
bol,1977,5.8
bol,1978,5.92
bol,1979,6.05
bol,1980,6.17
bol,1981,6.29
bol,1982,6.42
bol,1983,6.54
bol,1984,6.67
bol,1985,6.8
bol,1986,6.93
bol,1987,7.06
bol,1988,7.19
bol,1989,7.32
bol,1990,7.45
bol,1991,7.58
bol,1992,7.71
bol,1993,7.84
bol,1994,7.98
bol,1995,8.11
bol,1996,8.24
bol,1997,8.37
bol,1998,8.5
bol,1999,8.63
bol,2000,8.76
bol,2001,8.89
bol,2002,9.02
bol,2003,9.16
bol,2004,9.29
bol,2005,9.42
bol,2006,9.56
bol,2007,9.69
bol,2008,9.83
bol,2009,9.96
bol,2010,10.1
bol,2011,10.23
bol,2012,10.37
bol,2013,10.51
bol,2014,10.64
bol,2015,10.78
bra,1970,3.46
bra,1971,3.55
bra,1972,3.63
bra,1973,3.72
bra,1974,3.8
bra,1975,3.89
bra,1976,3.99
bra,1977,4.08
bra,1978,4.17
bra,1979,4.27
bra,1980,4.37
bra,1981,4.46
bra,1982,4.56
bra,1983,4.67
bra,1984,4.77
bra,1985,4.87
bra,1986,4.98
bra,1987,5.09
bra,1988,5.2
bra,1989,5.31
bra,1990,5.42
bra,1991,5.53
bra,1992,5.64
bra,1993,5.76
bra,1994,5.88
bra,1995,5.99
bra,1996,6.11
bra,1997,6.23
bra,1998,6.34
bra,1999,6.46
bra,2000,6.58
bra,2001,6.7
bra,2002,6.82
bra,2003,6.95
bra,2004,7.07
bra,2005,7.19
bra,2006,7.32
bra,2007,7.45
bra,2008,7.57
bra,2009,7.7
bra,2010,7.83
bra,2011,7.96
bra,2012,8.09
bra,2013,8.22
bra,2014,8.36
bra,2015,8.49
brb,1970,4.61
brb,1971,4.71
brb,1972,4.81
brb,1973,4.92
brb,1974,5.02
brb,1975,5.13
brb,1976,5.24
brb,1977,5.34
brb,1978,5.45
brb,1979,5.57
brb,1980,5.68
brb,1981,5.79
brb,1982,5.91
brb,1983,6.03
brb,1984,6.15
brb,1985,6.27
brb,1986,6.39
brb,1987,6.51
brb,1988,6.64
brb,1989,6.76
brb,1990,6.89
brb,1991,7.01
brb,1992,7.14
brb,1993,7.27
brb,1994,7.4
brb,1995,7.53
brb,1996,7.66
brb,1997,7.8
brb,1998,7.93
brb,1999,8.06
brb,2000,8.2
brb,2001,8.33
brb,2002,8.47
brb,2003,8.61
brb,2004,8.75
brb,2005,8.88
brb,2006,9.02
brb,2007,9.16
brb,2008,9.3
brb,2009,9.44
brb,2010,9.58
brb,2011,9.72
brb,2012,9.86
brb,2013,10
brb,2014,10.14
brb,2015,10.28
brn,1970,8.65
brn,1971,8.79
brn,1972,8.93
brn,1973,9.07
brn,1974,9.21
brn,1975,9.35
brn,1976,9.49
brn,1977,9.63
brn,1978,9.77
brn,1979,9.91
brn,1980,10.05
brn,1981,10.19
brn,1982,10.32
brn,1983,10.46
brn,1984,10.6
brn,1985,10.74
brn,1986,10.88
brn,1987,11.02
brn,1988,11.16
brn,1989,11.3
brn,1990,11.43
brn,1991,11.57
brn,1992,11.71
brn,1993,11.84
brn,1994,11.98
brn,1995,12.11
brn,1996,12.24
brn,1997,12.38
brn,1998,12.51
brn,1999,12.64
brn,2000,12.77
brn,2001,12.9
brn,2002,13.03
brn,2003,13.15
brn,2004,13.28
brn,2005,13.4
brn,2006,13.53
brn,2007,13.65
brn,2008,13.77
brn,2009,13.89
brn,2010,14.01
brn,2011,14.13
brn,2012,14.24
brn,2013,14.36
brn,2014,14.47
brn,2015,14.58
btn,1970,2.46
btn,1971,2.52
btn,1972,2.58
btn,1973,2.65
btn,1974,2.71
btn,1975,2.78
btn,1976,2.85
btn,1977,2.91
btn,1978,2.99
btn,1979,3.06
btn,1980,3.13
btn,1981,3.21
btn,1982,3.28
btn,1983,3.36
btn,1984,3.44
btn,1985,3.52
btn,1986,3.6
btn,1987,3.69
btn,1988,3.77
btn,1989,3.86
btn,1990,3.95
btn,1991,4.04
btn,1992,4.13
btn,1993,4.22
btn,1994,4.32
btn,1995,4.41
btn,1996,4.51
btn,1997,4.61
btn,1998,4.71
btn,1999,4.81
btn,2000,4.92
btn,2001,5.02
btn,2002,5.13
btn,2003,5.23
btn,2004,5.34
btn,2005,5.45
btn,2006,5.57
btn,2007,5.68
btn,2008,5.79
btn,2009,5.91
btn,2010,6.03
btn,2011,6.15
btn,2012,6.27
btn,2013,6.39
btn,2014,6.51
btn,2015,6.63
bwa,1970,2.22
bwa,1971,2.29
bwa,1972,2.36
bwa,1973,2.43
bwa,1974,2.51
bwa,1975,2.58
bwa,1976,2.66
bwa,1977,2.74
bwa,1978,2.83
bwa,1979,2.92
bwa,1980,3.01
bwa,1981,3.11
bwa,1982,3.21
bwa,1983,3.32
bwa,1984,3.43
bwa,1985,3.55
bwa,1986,3.67
bwa,1987,3.8
bwa,1988,3.94
bwa,1989,4.08
bwa,1990,4.23
bwa,1991,4.39
bwa,1992,4.56
bwa,1993,4.73
bwa,1994,4.92
bwa,1995,5.11
bwa,1996,5.23
bwa,1997,5.35
bwa,1998,5.47
bwa,1999,5.59
bwa,2000,5.72
bwa,2001,5.84
bwa,2002,5.96
bwa,2003,6.09
bwa,2004,6.22
bwa,2005,6.35
bwa,2006,6.47
bwa,2007,6.6
bwa,2008,6.73
bwa,2009,6.86
bwa,2010,7
bwa,2011,7.13
bwa,2012,7.26
bwa,2013,7.4
bwa,2014,7.53
bwa,2015,7.67
caf,1970,2.84
caf,1971,2.91
caf,1972,2.98
caf,1973,3.05
caf,1974,3.12
caf,1975,3.19
caf,1976,3.27
caf,1977,3.34
caf,1978,3.42
caf,1979,3.5
caf,1980,3.58
caf,1981,3.66
caf,1982,3.74
caf,1983,3.83
caf,1984,3.91
caf,1985,4
caf,1986,4.09
caf,1987,4.17
caf,1988,4.26
caf,1989,4.35
caf,1990,4.45
caf,1991,4.54
caf,1992,4.63
caf,1993,4.73
caf,1994,4.83
caf,1995,4.92
caf,1996,5.02
caf,1997,5.12
caf,1998,5.22
caf,1999,5.32
caf,2000,5.42
caf,2001,5.53
caf,2002,5.64
caf,2003,5.74
caf,2004,5.85
caf,2005,5.97
caf,2006,6.08
caf,2007,6.19
caf,2008,6.31
caf,2009,6.43
caf,2010,6.55
caf,2011,6.67
caf,2012,6.79
caf,2013,6.91
caf,2014,7.04
caf,2015,7.17
can,1970,10.22
can,1971,10.39
can,1972,10.57
can,1973,10.74
can,1974,10.91
can,1975,11.07
can,1976,11.24
can,1977,11.4
can,1978,11.56
can,1979,11.71
can,1980,11.86
can,1981,12
can,1982,12.15
can,1983,12.28
can,1984,12.41
can,1985,12.54
can,1986,12.67
can,1987,12.79
can,1988,12.9
can,1989,13.01
can,1990,13.12
can,1991,13.23
can,1992,13.33
can,1993,13.42
can,1994,13.51
can,1995,13.6
can,1996,13.68
can,1997,13.77
can,1998,13.85
can,1999,13.93
can,2000,14.02
can,2001,14.1
can,2002,14.19
can,2003,14.27
can,2004,14.36
can,2005,14.45
can,2006,14.53
can,2007,14.62
can,2008,14.71
can,2009,14.8
can,2010,14.89
can,2011,14.98
can,2012,15.07
can,2013,15.16
can,2014,15.26
can,2015,15.35
che,1970,8.7
che,1971,8.84
che,1972,8.98
che,1973,9.13
che,1974,9.27
che,1975,9.41
che,1976,9.56
che,1977,9.7
che,1978,9.85
che,1979,9.99
che,1980,10.14
che,1981,10.28
che,1982,10.43
che,1983,10.57
che,1984,10.72
che,1985,10.86
che,1986,11
che,1987,11.14
che,1988,11.28
che,1989,11.42
che,1990,11.56
che,1991,11.7
che,1992,11.84
che,1993,11.97
che,1994,12.11
che,1995,12.24
che,1996,12.37
che,1997,12.5
che,1998,12.62
che,1999,12.75
che,2000,12.87
che,2001,13
che,2002,13.12
che,2003,13.24
che,2004,13.36
che,2005,13.48
che,2006,13.59
che,2007,13.71
che,2008,13.82
che,2009,13.94
che,2010,14.05
che,2011,14.16
che,2012,14.27
che,2013,14.38
che,2014,14.48
che,2015,14.59
chl,1970,6.68
chl,1971,6.81
chl,1972,6.94
chl,1973,7.07
chl,1974,7.2
chl,1975,7.33
chl,1976,7.46
chl,1977,7.59
chl,1978,7.73
chl,1979,7.86
chl,1980,8
chl,1981,8.13
chl,1982,8.27
chl,1983,8.41
chl,1984,8.55
chl,1985,8.68
chl,1986,8.82
chl,1987,8.96
chl,1988,9.1
chl,1989,9.24
chl,1990,9.38
chl,1991,9.52
chl,1992,9.66
chl,1993,9.8
chl,1994,9.94
chl,1995,10.08
chl,1996,10.21
chl,1997,10.35
chl,1998,10.49
chl,1999,10.63
chl,2000,10.76
chl,2001,10.9
chl,2002,11.04
chl,2003,11.17
chl,2004,11.31
chl,2005,11.44
chl,2006,11.58
chl,2007,11.71
chl,2008,11.84
chl,2009,11.98
chl,2010,12.11
chl,2011,12.24
chl,2012,12.37
chl,2013,12.5
chl,2014,12.63
chl,2015,12.76
chn,1970,5.37
chn,1971,5.48
chn,1972,5.59
chn,1973,5.7
chn,1974,5.81
chn,1975,5.93
chn,1976,6.05
chn,1977,6.16
chn,1978,6.28
chn,1979,6.4
chn,1980,6.52
chn,1981,6.64
chn,1982,6.77
chn,1983,6.89
chn,1984,7.02
chn,1985,7.14
chn,1986,7.27
chn,1987,7.39
chn,1988,7.52
chn,1989,7.65
chn,1990,7.77
chn,1991,7.9
chn,1992,8.03
chn,1993,8.16
chn,1994,8.28
chn,1995,8.41
chn,1996,8.53
chn,1997,8.66
chn,1998,8.78
chn,1999,8.91
chn,2000,9.03
chn,2001,9.16
chn,2002,9.29
chn,2003,9.42
chn,2004,9.55
chn,2005,9.67
chn,2006,9.81
chn,2007,9.94
chn,2008,10.07
chn,2009,10.2
chn,2010,10.33
chn,2011,10.47
chn,2012,10.6
chn,2013,10.74
chn,2014,10.87
chn,2015,11.01
civ,1970,2.43
civ,1971,2.49
civ,1972,2.55
civ,1973,2.61
civ,1974,2.68
civ,1975,2.75
civ,1976,2.81
civ,1977,2.88
civ,1978,2.95
civ,1979,3.03
civ,1980,3.1
civ,1981,3.17
civ,1982,3.25
civ,1983,3.33
civ,1984,3.41
civ,1985,3.49
civ,1986,3.57
civ,1987,3.65
civ,1988,3.74
civ,1989,3.82
civ,1990,3.91
civ,1991,3.99
civ,1992,4.08
civ,1993,4.17
civ,1994,4.26
civ,1995,4.35
civ,1996,4.44
civ,1997,4.53
civ,1998,4.63
civ,1999,4.72
civ,2000,4.81
civ,2001,4.91
civ,2002,5.01
civ,2003,5.11
civ,2004,5.21
civ,2005,5.31
civ,2006,5.41
civ,2007,5.51
civ,2008,5.62
civ,2009,5.73
civ,2010,5.84
civ,2011,5.95
civ,2012,6.06
civ,2013,6.17
civ,2014,6.29
civ,2015,6.4
cmr,1970,3.65
cmr,1971,3.74
cmr,1972,3.84
cmr,1973,3.93
cmr,1974,4.03
cmr,1975,4.13
cmr,1976,4.23
cmr,1977,4.33
cmr,1978,4.44
cmr,1979,4.54
cmr,1980,4.65
cmr,1981,4.76
cmr,1982,4.87
cmr,1983,4.99
cmr,1984,5.1
cmr,1985,5.22
cmr,1986,5.34
cmr,1987,5.46
cmr,1988,5.58
cmr,1989,5.7
cmr,1990,5.82
cmr,1991,5.95
cmr,1992,6.07
cmr,1993,6.2
cmr,1994,6.32
cmr,1995,6.45
cmr,1996,6.57
cmr,1997,6.69
cmr,1998,6.82
cmr,1999,6.94
cmr,2000,7.06
cmr,2001,7.18
cmr,2002,7.31
cmr,2003,7.43
cmr,2004,7.55
cmr,2005,7.68
cmr,2006,7.8
cmr,2007,7.92
cmr,2008,8.05
cmr,2009,8.17
cmr,2010,8.3
cmr,2011,8.42
cmr,2012,8.55
cmr,2013,8.68
cmr,2014,8.81
cmr,2015,8.93
cod,1970,3.79
cod,1971,3.88
cod,1972,3.97
cod,1973,4.06
cod,1974,4.15
cod,1975,4.25
cod,1976,4.34
cod,1977,4.44
cod,1978,4.54
cod,1979,4.64
cod,1980,4.74
cod,1981,4.85
cod,1982,4.95
cod,1983,5.06
cod,1984,5.17
cod,1985,5.27
cod,1986,5.38
cod,1987,5.5
cod,1988,5.61
cod,1989,5.72
cod,1990,5.84
cod,1991,5.95
cod,1992,6.07
cod,1993,6.19
cod,1994,6.31
cod,1995,6.43
cod,1996,6.54
cod,1997,6.66
cod,1998,6.78
cod,1999,6.9
cod,2000,7.02
cod,2001,7.15
cod,2002,7.27
cod,2003,7.39
cod,2004,7.52
cod,2005,7.64
cod,2006,7.77
cod,2007,7.9
cod,2008,8.03
cod,2009,8.15
cod,2010,8.28
cod,2011,8.41
cod,2012,8.55
cod,2013,8.68
cod,2014,8.81
cod,2015,8.94
cog,1970,4.76
cog,1971,4.86
cog,1972,4.97
cog,1973,5.08
cog,1974,5.19
cog,1975,5.3
cog,1976,5.41
cog,1977,5.53
cog,1978,5.64
cog,1979,5.76
cog,1980,5.88
cog,1981,6
cog,1982,6.12
cog,1983,6.24
cog,1984,6.36
cog,1985,6.48
cog,1986,6.6
cog,1987,6.72
cog,1988,6.85
cog,1989,6.97
cog,1990,7.1
cog,1991,7.22
cog,1992,7.35
cog,1993,7.47
cog,1994,7.6
cog,1995,7.72
cog,1996,7.84
cog,1997,7.97
cog,1998,8.09
cog,1999,8.21
cog,2000,8.34
cog,2001,8.46
cog,2002,8.59
cog,2003,8.72
cog,2004,8.84
cog,2005,8.97
cog,2006,9.1
cog,2007,9.22
cog,2008,9.35
cog,2009,9.48
cog,2010,9.61
cog,2011,9.74
cog,2012,9.87
cog,2013,10
cog,2014,10.13
cog,2015,10.26
col,1970,4.43
col,1971,4.53
col,1972,4.63
col,1973,4.74
col,1974,4.84
col,1975,4.95
col,1976,5.06
col,1977,5.17
col,1978,5.29
col,1979,5.4
col,1980,5.52
col,1981,5.64
col,1982,5.76
col,1983,5.88
col,1984,6
col,1985,6.12
col,1986,6.25
col,1987,6.38
col,1988,6.5
col,1989,6.63
col,1990,6.76
col,1991,6.89
col,1992,7.02
col,1993,7.16
col,1994,7.29
col,1995,7.42
col,1996,7.55
col,1997,7.67
col,1998,7.8
col,1999,7.93
col,2000,8.06
col,2001,8.19
col,2002,8.32
col,2003,8.46
col,2004,8.59
col,2005,8.72
col,2006,8.86
col,2007,8.99
col,2008,9.13
col,2009,9.26
col,2010,9.4
col,2011,9.53
col,2012,9.67
col,2013,9.81
col,2014,9.94
col,2015,10.08
com,1970,2.8
com,1971,2.87
com,1972,2.94
com,1973,3.01
com,1974,3.09
com,1975,3.16
com,1976,3.24
com,1977,3.32
com,1978,3.4
com,1979,3.48
com,1980,3.57
com,1981,3.65
com,1982,3.74
com,1983,3.83
com,1984,3.92
com,1985,4.01
com,1986,4.11
com,1987,4.2
com,1988,4.3
com,1989,4.4
com,1990,4.5
com,1991,4.6
com,1992,4.7
com,1993,4.81
com,1994,4.92
com,1995,5.03
com,1996,5.14
com,1997,5.25
com,1998,5.37
com,1999,5.49
com,2000,5.61
com,2001,5.73
com,2002,5.85
com,2003,5.97
com,2004,6.09
com,2005,6.22
com,2006,6.34
com,2007,6.47
com,2008,6.6
com,2009,6.73
com,2010,6.85
com,2011,6.98
com,2012,7.11
com,2013,7.24
com,2014,7.38
com,2015,7.51
cpv,1970,2.61
cpv,1971,2.68
cpv,1972,2.74
cpv,1973,2.81
cpv,1974,2.88
cpv,1975,2.95
cpv,1976,3.02
cpv,1977,3.09
cpv,1978,3.17
cpv,1979,3.24
cpv,1980,3.32
cpv,1981,3.4
cpv,1982,3.48
cpv,1983,3.56
cpv,1984,3.65
cpv,1985,3.73
cpv,1986,3.82
cpv,1987,3.91
cpv,1988,4
cpv,1989,4.09
cpv,1990,4.18
cpv,1991,4.27
cpv,1992,4.37
cpv,1993,4.47
cpv,1994,4.57
cpv,1995,4.67
cpv,1996,4.77
cpv,1997,4.87
cpv,1998,4.97
cpv,1999,5.08
cpv,2000,5.19
cpv,2001,5.3
cpv,2002,5.41
cpv,2003,5.52
cpv,2004,5.63
cpv,2005,5.75
cpv,2006,5.86
cpv,2007,5.98
cpv,2008,6.1
cpv,2009,6.22
cpv,2010,6.34
cpv,2011,6.46
cpv,2012,6.58
cpv,2013,6.71
cpv,2014,6.83
cpv,2015,6.96
cri,1970,4.65
cri,1971,4.75
cri,1972,4.85
cri,1973,4.95
cri,1974,5.05
cri,1975,5.16
cri,1976,5.27
cri,1977,5.37
cri,1978,5.48
cri,1979,5.59
cri,1980,5.7
cri,1981,5.81
cri,1982,5.92
cri,1983,6.04
cri,1984,6.15
cri,1985,6.26
cri,1986,6.38
cri,1987,6.49
cri,1988,6.61
cri,1989,6.72
cri,1990,6.84
cri,1991,6.96
cri,1992,7.07
cri,1993,7.18
cri,1994,7.3
cri,1995,7.41
cri,1996,7.53
cri,1997,7.65
cri,1998,7.78
cri,1999,7.9
cri,2000,8.03
cri,2001,8.15
cri,2002,8.28
cri,2003,8.41
cri,2004,8.54
cri,2005,8.67
cri,2006,8.81
cri,2007,8.94
cri,2008,9.07
cri,2009,9.21
cri,2010,9.34
cri,2011,9.48
cri,2012,9.62
cri,2013,9.75
cri,2014,9.89
cri,2015,10.03
cub,1970,6.2
cub,1971,6.33
cub,1972,6.46
cub,1973,6.6
cub,1974,6.73
cub,1975,6.87
cub,1976,7.01
cub,1977,7.15
cub,1978,7.29
cub,1979,7.43
cub,1980,7.58
cub,1981,7.72
cub,1982,7.87
cub,1983,8.01
cub,1984,8.16
cub,1985,8.31
cub,1986,8.46
cub,1987,8.6
cub,1988,8.75
cub,1989,8.9
cub,1990,9.04
cub,1991,9.19
cub,1992,9.33
cub,1993,9.47
cub,1994,9.61
cub,1995,9.75
cub,1996,9.89
cub,1997,10.03
cub,1998,10.16
cub,1999,10.3
cub,2000,10.44
cub,2001,10.58
cub,2002,10.72
cub,2003,10.86
cub,2004,11
cub,2005,11.14
cub,2006,11.28
cub,2007,11.41
cub,2008,11.55
cub,2009,11.69
cub,2010,11.82
cub,2011,11.96
cub,2012,12.09
cub,2013,12.23
cub,2014,12.36
cub,2015,12.49
cyp,1970,8.1
cyp,1971,8.25
cyp,1972,8.4
cyp,1973,8.54
cyp,1974,8.69
cyp,1975,8.84
cyp,1976,8.99
cyp,1977,9.14
cyp,1978,9.29
cyp,1979,9.44
cyp,1980,9.6
cyp,1981,9.75
cyp,1982,9.9
cyp,1983,10.05
cyp,1984,10.2
cyp,1985,10.36
cyp,1986,10.51
cyp,1987,10.66
cyp,1988,10.81
cyp,1989,10.96
cyp,1990,11.11
cyp,1991,11.25
cyp,1992,11.4
cyp,1993,11.54
cyp,1994,11.68
cyp,1995,11.81
cyp,1996,11.93
cyp,1997,12.05
cyp,1998,12.16
cyp,1999,12.28
cyp,2000,12.4
cyp,2001,12.52
cyp,2002,12.63
cyp,2003,12.75
cyp,2004,12.87
cyp,2005,12.99
cyp,2006,13.1
cyp,2007,13.22
cyp,2008,13.33
cyp,2009,13.45
cyp,2010,13.56
cyp,2011,13.68
cyp,2012,13.79
cyp,2013,13.9
cyp,2014,14.02
cyp,2015,14.13
cze,1970,8.67
cze,1971,8.81
cze,1972,8.95
cze,1973,9.09
cze,1974,9.23
cze,1975,9.37
cze,1976,9.51
cze,1977,9.66
cze,1978,9.8
cze,1979,9.94
cze,1980,10.08
cze,1981,10.21
cze,1982,10.35
cze,1983,10.49
cze,1984,10.62
cze,1985,10.76
cze,1986,10.89
cze,1987,11.02
cze,1988,11.15
cze,1989,11.27
cze,1990,11.4
cze,1991,11.52
cze,1992,11.64
cze,1993,11.75
cze,1994,11.87
cze,1995,11.98
cze,1996,12.08
cze,1997,12.19
cze,1998,12.29
cze,1999,12.4
cze,2000,12.5
cze,2001,12.6
cze,2002,12.71
cze,2003,12.81
cze,2004,12.91
cze,2005,13.02
cze,2006,13.12
cze,2007,13.22
cze,2008,13.33
cze,2009,13.43
cze,2010,13.54
cze,2011,13.65
cze,2012,13.75
cze,2013,13.86
cze,2014,13.96
cze,2015,14.07
deu,1970,7.83
deu,1971,7.98
deu,1972,8.12
deu,1973,8.26
deu,1974,8.41
deu,1975,8.56
deu,1976,8.71
deu,1977,8.86
deu,1978,9
deu,1979,9.15
deu,1980,9.3
deu,1981,9.45
deu,1982,9.6
deu,1983,9.75
deu,1984,9.9
deu,1985,10.05
deu,1986,10.2
deu,1987,10.35
deu,1988,10.5
deu,1989,10.65
deu,1990,10.8
deu,1991,10.94
deu,1992,11.09
deu,1993,11.23
deu,1994,11.37
deu,1995,11.52
deu,1996,11.65
deu,1997,11.77
deu,1998,11.9
deu,1999,12.03
deu,2000,12.16
deu,2001,12.28
deu,2002,12.41
deu,2003,12.54
deu,2004,12.66
deu,2005,12.78
deu,2006,12.91
deu,2007,13.03
deu,2008,13.15
deu,2009,13.27
deu,2010,13.39
deu,2011,13.51
deu,2012,13.63
deu,2013,13.75
deu,2014,13.86
deu,2015,13.98
dji,1970,3.41
dji,1971,3.49
dji,1972,3.57
dji,1973,3.65
dji,1974,3.74
dji,1975,3.82
dji,1976,3.91
dji,1977,4
dji,1978,4.09
dji,1979,4.18
dji,1980,4.28
dji,1981,4.37
dji,1982,4.47
dji,1983,4.57
dji,1984,4.67
dji,1985,4.77
dji,1986,4.87
dji,1987,4.98
dji,1988,5.08
dji,1989,5.19
dji,1990,5.3
dji,1991,5.41
dji,1992,5.52
dji,1993,5.63
dji,1994,5.75
dji,1995,5.86
dji,1996,5.98
dji,1997,6.1
dji,1998,6.22
dji,1999,6.34
dji,2000,6.46
dji,2001,6.58
dji,2002,6.71
dji,2003,6.83
dji,2004,6.96
dji,2005,7.08
dji,2006,7.21
dji,2007,7.34
dji,2008,7.47
dji,2009,7.6
dji,2010,7.73
dji,2011,7.87
dji,2012,8
dji,2013,8.13
dji,2014,8.27
dji,2015,8.4
dma,1970,5.34
dma,1971,5.45
dma,1972,5.56
dma,1973,5.67
dma,1974,5.79
dma,1975,5.9
dma,1976,6.02
dma,1977,6.14
dma,1978,6.26
dma,1979,6.38
dma,1980,6.5
dma,1981,6.62
dma,1982,6.75
dma,1983,6.88
dma,1984,7
dma,1985,7.13
dma,1986,7.26
dma,1987,7.39
dma,1988,7.52
dma,1989,7.65
dma,1990,7.79
dma,1991,7.92
dma,1992,8.05
dma,1993,8.19
dma,1994,8.33
dma,1995,8.46
dma,1996,8.6
dma,1997,8.74
dma,1998,8.87
dma,1999,9.01
dma,2000,9.15
dma,2001,9.29
dma,2002,9.43
dma,2003,9.57
dma,2004,9.71
dma,2005,9.85
dma,2006,9.99
dma,2007,10.13
dma,2008,10.27
dma,2009,10.41
dma,2010,10.55
dma,2011,10.69
dma,2012,10.83
dma,2013,10.97
dma,2014,11.1
dma,2015,11.24
dnk,1970,8.89
dnk,1971,9.03
dnk,1972,9.17
dnk,1973,9.31
dnk,1974,9.45
dnk,1975,9.59
dnk,1976,9.73
dnk,1977,9.87
dnk,1978,10.01
dnk,1979,10.14
dnk,1980,10.28
dnk,1981,10.42
dnk,1982,10.56
dnk,1983,10.69
dnk,1984,10.83
dnk,1985,10.96
dnk,1986,11.1
dnk,1987,11.23
dnk,1988,11.36
dnk,1989,11.49
dnk,1990,11.62
dnk,1991,11.75
dnk,1992,11.88
dnk,1993,12
dnk,1994,12.13
dnk,1995,12.25
dnk,1996,12.37
dnk,1997,12.48
dnk,1998,12.6
dnk,1999,12.72
dnk,2000,12.84
dnk,2001,12.96
dnk,2002,13.07
dnk,2003,13.19
dnk,2004,13.31
dnk,2005,13.42
dnk,2006,13.54
dnk,2007,13.65
dnk,2008,13.77
dnk,2009,13.88
dnk,2010,13.99
dnk,2011,14.1
dnk,2012,14.21
dnk,2013,14.32
dnk,2014,14.43
dnk,2015,14.54
dom,1970,4.38
dom,1971,4.48
dom,1972,4.59
dom,1973,4.7
dom,1974,4.81
dom,1975,4.92
dom,1976,5.03
dom,1977,5.15
dom,1978,5.26
dom,1979,5.38
dom,1980,5.5
dom,1981,5.62
dom,1982,5.75
dom,1983,5.87
dom,1984,6
dom,1985,6.13
dom,1986,6.25
dom,1987,6.38
dom,1988,6.51
dom,1989,6.64
dom,1990,6.78
dom,1991,6.91
dom,1992,7.04
dom,1993,7.17
dom,1994,7.3
dom,1995,7.44
dom,1996,7.56
dom,1997,7.68
dom,1998,7.81
dom,1999,7.93
dom,2000,8.06
dom,2001,8.18
dom,2002,8.31
dom,2003,8.44
dom,2004,8.56
dom,2005,8.69
dom,2006,8.82
dom,2007,8.95
dom,2008,9.08
dom,2009,9.21
dom,2010,9.35
dom,2011,9.48
dom,2012,9.61
dom,2013,9.75
dom,2014,9.88
dom,2015,10.02
dza,1970,2.6
dza,1971,2.68
dza,1972,2.76
dza,1973,2.84
dza,1974,2.93
dza,1975,3.02
dza,1976,3.11
dza,1977,3.2
dza,1978,3.3
dza,1979,3.4
dza,1980,3.5
dza,1981,3.61
dza,1982,3.72
dza,1983,3.84
dza,1984,3.96
dza,1985,4.08
dza,1986,4.21
dza,1987,4.35
dza,1988,4.49
dza,1989,4.63
dza,1990,4.79
dza,1991,4.95
dza,1992,5.11
dza,1993,5.29
dza,1994,5.48
dza,1995,5.67
dza,1996,5.82
dza,1997,5.96
dza,1998,6.11
dza,1999,6.25
dza,2000,6.4
dza,2001,6.54
dza,2002,6.68
dza,2003,6.82
dza,2004,6.96
dza,2005,7.11
dza,2006,7.25
dza,2007,7.39
dza,2008,7.53
dza,2009,7.67
dza,2010,7.81
dza,2011,7.95
dza,2012,8.09
dza,2013,8.24
dza,2014,8.38
dza,2015,8.52
ecu,1970,4.94
ecu,1971,5.05
ecu,1972,5.16
ecu,1973,5.27
ecu,1974,5.39
ecu,1975,5.51
ecu,1976,5.62
ecu,1977,5.74
ecu,1978,5.86
ecu,1979,5.98
ecu,1980,6.11
ecu,1981,6.23
ecu,1982,6.36
ecu,1983,6.48
ecu,1984,6.61
ecu,1985,6.74
ecu,1986,6.86
ecu,1987,6.99
ecu,1988,7.12
ecu,1989,7.25
ecu,1990,7.38
ecu,1991,7.51
ecu,1992,7.64
ecu,1993,7.77
ecu,1994,7.9
ecu,1995,8.03
ecu,1996,8.16
ecu,1997,8.29
ecu,1998,8.41
ecu,1999,8.54
ecu,2000,8.67
ecu,2001,8.8
ecu,2002,8.93
ecu,2003,9.06
ecu,2004,9.2
ecu,2005,9.33
ecu,2006,9.46
ecu,2007,9.6
ecu,2008,9.73
ecu,2009,9.87
ecu,2010,10
ecu,2011,10.14
ecu,2012,10.28
ecu,2013,10.41
ecu,2014,10.55
ecu,2015,10.69
egy,1970,4.79
egy,1971,4.9
egy,1972,5.02
egy,1973,5.14
egy,1974,5.26
egy,1975,5.39
egy,1976,5.51
egy,1977,5.64
egy,1978,5.78
egy,1979,5.91
egy,1980,6.05
egy,1981,6.19
egy,1982,6.33
egy,1983,6.47
egy,1984,6.61
egy,1985,6.76
egy,1986,6.91
egy,1987,7.06
egy,1988,7.21
egy,1989,7.36
egy,1990,7.52
egy,1991,7.67
egy,1992,7.83
egy,1993,7.98
egy,1994,8.14
egy,1995,8.29
egy,1996,8.43
egy,1997,8.57
egy,1998,8.71
egy,1999,8.85
egy,2000,8.99
egy,2001,9.12
egy,2002,9.26
egy,2003,9.39
egy,2004,9.53
egy,2005,9.66
egy,2006,9.8
egy,2007,9.93
egy,2008,10.06
egy,2009,10.2
egy,2010,10.33
egy,2011,10.46
egy,2012,10.6
egy,2013,10.73
egy,2014,10.86
egy,2015,10.99
eri,1970,2.23
eri,1971,2.29
eri,1972,2.35
eri,1973,2.41
eri,1974,2.47
eri,1975,2.53
eri,1976,2.6
eri,1977,2.67
eri,1978,2.73
eri,1979,2.8
eri,1980,2.87
eri,1981,2.95
eri,1982,3.02
eri,1983,3.1
eri,1984,3.17
eri,1985,3.25
eri,1986,3.33
eri,1987,3.42
eri,1988,3.5
eri,1989,3.59
eri,1990,3.67
eri,1991,3.76
eri,1992,3.86
eri,1993,3.95
eri,1994,4.05
eri,1995,4.14
eri,1996,4.24
eri,1997,4.35
eri,1998,4.45
eri,1999,4.55
eri,2000,4.66
eri,2001,4.77
eri,2002,4.87
eri,2003,4.98
eri,2004,5.09
eri,2005,5.2
eri,2006,5.32
eri,2007,5.43
eri,2008,5.54
eri,2009,5.66
eri,2010,5.78
eri,2011,5.89
eri,2012,6.01
eri,2013,6.13
eri,2014,6.25
eri,2015,6.38
esp,1970,6.48
esp,1971,6.61
esp,1972,6.73
esp,1973,6.86
esp,1974,6.99
esp,1975,7.13
esp,1976,7.26
esp,1977,7.4
esp,1978,7.53
esp,1979,7.67
esp,1980,7.81
esp,1981,7.96
esp,1982,8.1
esp,1983,8.24
esp,1984,8.39
esp,1985,8.54
esp,1986,8.68
esp,1987,8.83
esp,1988,8.98
esp,1989,9.13
esp,1990,9.29
esp,1991,9.44
esp,1992,9.59
esp,1993,9.74
esp,1994,9.9
esp,1995,10.05
esp,1996,10.2
esp,1997,10.35
esp,1998,10.49
esp,1999,10.64
esp,2000,10.78
esp,2001,10.92
esp,2002,11.06
esp,2003,11.21
esp,2004,11.35
esp,2005,11.49
esp,2006,11.63
esp,2007,11.76
esp,2008,11.9
esp,2009,12.04
esp,2010,12.17
esp,2011,12.31
esp,2012,12.44
esp,2013,12.57
esp,2014,12.71
esp,2015,12.84
est,1970,7.45
est,1971,7.59
est,1972,7.72
est,1973,7.86
est,1974,8
est,1975,8.13
est,1976,8.27
est,1977,8.41
est,1978,8.55
est,1979,8.69
est,1980,8.83
est,1981,8.97
est,1982,9.11
est,1983,9.25
est,1984,9.39
est,1985,9.53
est,1986,9.67
est,1987,9.81
est,1988,9.94
est,1989,10.08
est,1990,10.22
est,1991,10.35
est,1992,10.49
est,1993,10.62
est,1994,10.76
est,1995,10.89
est,1996,11.02
est,1997,11.14
est,1998,11.27
est,1999,11.4
est,2000,11.53
est,2001,11.65
est,2002,11.78
est,2003,11.91
est,2004,12.03
est,2005,12.16
est,2006,12.28
est,2007,12.4
est,2008,12.53
est,2009,12.65
est,2010,12.77
est,2011,12.9
est,2012,13.02
est,2013,13.14
est,2014,13.26
est,2015,13.38
eth,1970,2.18
eth,1971,2.24
eth,1972,2.3
eth,1973,2.36
eth,1974,2.42
eth,1975,2.49
eth,1976,2.56
eth,1977,2.62
eth,1978,2.69
eth,1979,2.76
eth,1980,2.84
eth,1981,2.91
eth,1982,2.99
eth,1983,3.07
eth,1984,3.14
eth,1985,3.23
eth,1986,3.31
eth,1987,3.39
eth,1988,3.48
eth,1989,3.56
eth,1990,3.65
eth,1991,3.74
eth,1992,3.83
eth,1993,3.93
eth,1994,4.02
eth,1995,4.11
eth,1996,4.21
eth,1997,4.3
eth,1998,4.4
eth,1999,4.49
eth,2000,4.59
eth,2001,4.69
eth,2002,4.79
eth,2003,4.89
eth,2004,4.98
eth,2005,5.08
eth,2006,5.18
eth,2007,5.29
eth,2008,5.39
eth,2009,5.49
eth,2010,5.59
eth,2011,5.69
eth,2012,5.8
eth,2013,5.9
eth,2014,6.01
eth,2015,6.12
fin,1970,8.42
fin,1971,8.56
fin,1972,8.69
fin,1973,8.83
fin,1974,8.97
fin,1975,9.11
fin,1976,9.25
fin,1977,9.39
fin,1978,9.53
fin,1979,9.68
fin,1980,9.82
fin,1981,9.96
fin,1982,10.09
fin,1983,10.23
fin,1984,10.37
fin,1985,10.51
fin,1986,10.65
fin,1987,10.78
fin,1988,10.92
fin,1989,11.05
fin,1990,11.19
fin,1991,11.32
fin,1992,11.45
fin,1993,11.58
fin,1994,11.71
fin,1995,11.84
fin,1996,11.96
fin,1997,12.08
fin,1998,12.21
fin,1999,12.33
fin,2000,12.46
fin,2001,12.58
fin,2002,12.7
fin,2003,12.82
fin,2004,12.94
fin,2005,13.06
fin,2006,13.18
fin,2007,13.3
fin,2008,13.42
fin,2009,13.54
fin,2010,13.65
fin,2011,13.77
fin,2012,13.88
fin,2013,14
fin,2014,14.11
fin,2015,14.22
fji,1970,6.47
fji,1971,6.58
fji,1972,6.69
fji,1973,6.8
fji,1974,6.91
fji,1975,7.02
fji,1976,7.13
fji,1977,7.23
fji,1978,7.34
fji,1979,7.45
fji,1980,7.56
fji,1981,7.67
fji,1982,7.77
fji,1983,7.88
fji,1984,7.98
fji,1985,8.08
fji,1986,8.18
fji,1987,8.28
fji,1988,8.38
fji,1989,8.48
fji,1990,8.58
fji,1991,8.67
fji,1992,8.76
fji,1993,8.86
fji,1994,8.95
fji,1995,9.05
fji,1996,9.17
fji,1997,9.29
fji,1998,9.41
fji,1999,9.54
fji,2000,9.66
fji,2001,9.79
fji,2002,9.92
fji,2003,10.05
fji,2004,10.18
fji,2005,10.31
fji,2006,10.45
fji,2007,10.58
fji,2008,10.71
fji,2009,10.84
fji,2010,10.98
fji,2011,11.11
fji,2012,11.24
fji,2013,11.38
fji,2014,11.51
fji,2015,11.64
fra,1970,7.73
fra,1971,7.85
fra,1972,7.98
fra,1973,8.11
fra,1974,8.23
fra,1975,8.36
fra,1976,8.49
fra,1977,8.61
fra,1978,8.74
fra,1979,8.86
fra,1980,8.99
fra,1981,9.11
fra,1982,9.24
fra,1983,9.36
fra,1984,9.48
fra,1985,9.6
fra,1986,9.72
fra,1987,9.84
fra,1988,9.96
fra,1989,10.08
fra,1990,10.2
fra,1991,10.31
fra,1992,10.42
fra,1993,10.53
fra,1994,10.64
fra,1995,10.75
fra,1996,10.87
fra,1997,10.99
fra,1998,11.11
fra,1999,11.24
fra,2000,11.36
fra,2001,11.49
fra,2002,11.62
fra,2003,11.74
fra,2004,11.87
fra,2005,11.99
fra,2006,12.12
fra,2007,12.25
fra,2008,12.37
fra,2009,12.5
fra,2010,12.62
fra,2011,12.75
fra,2012,12.87
fra,2013,13
fra,2014,13.12
fra,2015,13.24
fsm,1970,6.8
fsm,1971,6.93
fsm,1972,7.05
fsm,1973,7.18
fsm,1974,7.31
fsm,1975,7.44
fsm,1976,7.57
fsm,1977,7.7
fsm,1978,7.83
fsm,1979,7.96
fsm,1980,8.09
fsm,1981,8.22
fsm,1982,8.36
fsm,1983,8.49
fsm,1984,8.62
fsm,1985,8.76
fsm,1986,8.89
fsm,1987,9.02
fsm,1988,9.16
fsm,1989,9.29
fsm,1990,9.42
fsm,1991,9.55
fsm,1992,9.69
fsm,1993,9.82
fsm,1994,9.95
fsm,1995,10.08
fsm,1996,10.21
fsm,1997,10.34
fsm,1998,10.47
fsm,1999,10.6
fsm,2000,10.74
fsm,2001,10.87
fsm,2002,11
fsm,2003,11.13
fsm,2004,11.27
fsm,2005,11.4
fsm,2006,11.53
fsm,2007,11.66
fsm,2008,11.79
fsm,2009,11.93
fsm,2010,12.06
fsm,2011,12.19
fsm,2012,12.32
fsm,2013,12.45
fsm,2014,12.58
fsm,2015,12.71
gab,1970,4.9
gab,1971,5.01
gab,1972,5.12
gab,1973,5.23
gab,1974,5.34
gab,1975,5.45
gab,1976,5.57
gab,1977,5.68
gab,1978,5.8
gab,1979,5.91
gab,1980,6.03
gab,1981,6.15
gab,1982,6.27
gab,1983,6.39
gab,1984,6.51
gab,1985,6.64
gab,1986,6.76
gab,1987,6.88
gab,1988,7
gab,1989,7.12
gab,1990,7.24
gab,1991,7.36
gab,1992,7.48
gab,1993,7.6
gab,1994,7.72
gab,1995,7.84
gab,1996,7.95
gab,1997,8.06
gab,1998,8.17
gab,1999,8.28
gab,2000,8.39
gab,2001,8.51
gab,2002,8.62
gab,2003,8.74
gab,2004,8.86
gab,2005,8.97
gab,2006,9.09
gab,2007,9.21
gab,2008,9.33
gab,2009,9.45
gab,2010,9.58
gab,2011,9.7
gab,2012,9.83
gab,2013,9.95
gab,2014,10.08
gab,2015,10.2
gbr,1970,8.64
gbr,1971,8.78
gbr,1972,8.92
gbr,1973,9.06
gbr,1974,9.2
gbr,1975,9.34
gbr,1976,9.48
gbr,1977,9.62
gbr,1978,9.76
gbr,1979,9.91
gbr,1980,10.05
gbr,1981,10.19
gbr,1982,10.33
gbr,1983,10.47
gbr,1984,10.61
gbr,1985,10.75
gbr,1986,10.89
gbr,1987,11.03
gbr,1988,11.17
gbr,1989,11.31
gbr,1990,11.45
gbr,1991,11.59
gbr,1992,11.72
gbr,1993,11.86
gbr,1994,11.99
gbr,1995,12.13
gbr,1996,12.26
gbr,1997,12.39
gbr,1998,12.52
gbr,1999,12.65
gbr,2000,12.78
gbr,2001,12.9
gbr,2002,13.03
gbr,2003,13.15
gbr,2004,13.28
gbr,2005,13.4
gbr,2006,13.52
gbr,2007,13.64
gbr,2008,13.76
gbr,2009,13.88
gbr,2010,13.99
gbr,2011,14.11
gbr,2012,14.22
gbr,2013,14.34
gbr,2014,14.45
gbr,2015,14.56
geo,1970,8
geo,1971,8.14
geo,1972,8.28
geo,1973,8.41
geo,1974,8.55
geo,1975,8.69
geo,1976,8.83
geo,1977,8.97
geo,1978,9.12
geo,1979,9.26
geo,1980,9.4
geo,1981,9.54
geo,1982,9.68
geo,1983,9.82
geo,1984,9.96
geo,1985,10.1
geo,1986,10.24
geo,1987,10.38
geo,1988,10.52
geo,1989,10.66
geo,1990,10.8
geo,1991,10.93
geo,1992,11.07
geo,1993,11.2
geo,1994,11.34
geo,1995,11.47
geo,1996,11.6
geo,1997,11.73
geo,1998,11.86
geo,1999,11.99
geo,2000,12.12
geo,2001,12.25
geo,2002,12.37
geo,2003,12.5
geo,2004,12.63
geo,2005,12.75
geo,2006,12.88
geo,2007,13
geo,2008,13.12
geo,2009,13.24
geo,2010,13.36
geo,2011,13.48
geo,2012,13.6
geo,2013,13.72
geo,2014,13.84
geo,2015,13.95
gha,1970,3.92
gha,1971,4.01
gha,1972,4.11
gha,1973,4.21
gha,1974,4.31
gha,1975,4.41
gha,1976,4.51
gha,1977,4.62
gha,1978,4.72
gha,1979,4.83
gha,1980,4.94
gha,1981,5.05
gha,1982,5.16
gha,1983,5.27
gha,1984,5.39
gha,1985,5.5
gha,1986,5.62
gha,1987,5.74
gha,1988,5.85
gha,1989,5.97
gha,1990,6.09
gha,1991,6.21
gha,1992,6.33
gha,1993,6.45
gha,1994,6.56
gha,1995,6.68
gha,1996,6.8
gha,1997,6.91
gha,1998,7.03
gha,1999,7.15
gha,2000,7.26
gha,2001,7.38
gha,2002,7.5
gha,2003,7.62
gha,2004,7.74
gha,2005,7.86
gha,2006,7.98
gha,2007,8.1
gha,2008,8.23
gha,2009,8.35
gha,2010,8.47
gha,2011,8.6
gha,2012,8.73
gha,2013,8.85
gha,2014,8.98
gha,2015,9.11
gin,1970,1.67
gin,1971,1.71
gin,1972,1.76
gin,1973,1.8
gin,1974,1.85
gin,1975,1.9
gin,1976,1.95
gin,1977,2
gin,1978,2.05
gin,1979,2.1
gin,1980,2.16
gin,1981,2.21
gin,1982,2.27
gin,1983,2.33
gin,1984,2.39
gin,1985,2.45
gin,1986,2.51
gin,1987,2.57
gin,1988,2.64
gin,1989,2.7
gin,1990,2.77
gin,1991,2.84
gin,1992,2.91
gin,1993,2.99
gin,1994,3.06
gin,1995,3.14
gin,1996,3.22
gin,1997,3.3
gin,1998,3.38
gin,1999,3.47
gin,2000,3.56
gin,2001,3.64
gin,2002,3.73
gin,2003,3.82
gin,2004,3.92
gin,2005,4.01
gin,2006,4.11
gin,2007,4.2
gin,2008,4.3
gin,2009,4.4
gin,2010,4.5
gin,2011,4.61
gin,2012,4.71
gin,2013,4.81
gin,2014,4.92
gin,2015,5.03
gmb,1970,2.33
gmb,1971,2.39
gmb,1972,2.45
gmb,1973,2.51
gmb,1974,2.58
gmb,1975,2.64
gmb,1976,2.71
gmb,1977,2.78
gmb,1978,2.85
gmb,1979,2.92
gmb,1980,2.99
gmb,1981,3.07
gmb,1982,3.15
gmb,1983,3.22
gmb,1984,3.3
gmb,1985,3.38
gmb,1986,3.47
gmb,1987,3.55
gmb,1988,3.64
gmb,1989,3.73
gmb,1990,3.82
gmb,1991,3.91
gmb,1992,4
gmb,1993,4.1
gmb,1994,4.19
gmb,1995,4.29
gmb,1996,4.39
gmb,1997,4.49
gmb,1998,4.6
gmb,1999,4.7
gmb,2000,4.8
gmb,2001,4.91
gmb,2002,5.02
gmb,2003,5.12
gmb,2004,5.23
gmb,2005,5.34
gmb,2006,5.45
gmb,2007,5.57
gmb,2008,5.68
gmb,2009,5.79
gmb,2010,5.91
gmb,2011,6.03
gmb,2012,6.14
gmb,2013,6.26
gmb,2014,6.38
gmb,2015,6.5
gnb,1970,1.59
gnb,1971,1.63
gnb,1972,1.68
gnb,1973,1.72
gnb,1974,1.77
gnb,1975,1.82
gnb,1976,1.87
gnb,1977,1.92
gnb,1978,1.97
gnb,1979,2.02
gnb,1980,2.08
gnb,1981,2.13
gnb,1982,2.19
gnb,1983,2.25
gnb,1984,2.31
gnb,1985,2.37
gnb,1986,2.44
gnb,1987,2.5
gnb,1988,2.57
gnb,1989,2.64
gnb,1990,2.71
gnb,1991,2.78
gnb,1992,2.86
gnb,1993,2.93
gnb,1994,3.01
gnb,1995,3.1
gnb,1996,3.18
gnb,1997,3.27
gnb,1998,3.35
gnb,1999,3.44
gnb,2000,3.53
gnb,2001,3.62
gnb,2002,3.71
gnb,2003,3.8
gnb,2004,3.9
gnb,2005,3.99
gnb,2006,4.09
gnb,2007,4.18
gnb,2008,4.28
gnb,2009,4.38
gnb,2010,4.48
gnb,2011,4.58
gnb,2012,4.69
gnb,2013,4.79
gnb,2014,4.9
gnb,2015,5
gnq,1970,4.24
gnq,1971,4.33
gnq,1972,4.43
gnq,1973,4.53
gnq,1974,4.63
gnq,1975,4.73
gnq,1976,4.84
gnq,1977,4.94
gnq,1978,5.05
gnq,1979,5.16
gnq,1980,5.27
gnq,1981,5.38
gnq,1982,5.49
gnq,1983,5.6
gnq,1984,5.72
gnq,1985,5.83
gnq,1986,5.95
gnq,1987,6.07
gnq,1988,6.19
gnq,1989,6.31
gnq,1990,6.44
gnq,1991,6.56
gnq,1992,6.69
gnq,1993,6.81
gnq,1994,6.94
gnq,1995,7.07
gnq,1996,7.2
gnq,1997,7.33
gnq,1998,7.46
gnq,1999,7.59
gnq,2000,7.73
gnq,2001,7.86
gnq,2002,7.99
gnq,2003,8.13
gnq,2004,8.26
gnq,2005,8.4
gnq,2006,8.53
gnq,2007,8.67
gnq,2008,8.81
gnq,2009,8.94
gnq,2010,9.08
gnq,2011,9.22
gnq,2012,9.36
gnq,2013,9.5
gnq,2014,9.63
gnq,2015,9.77
grc,1970,7.14
grc,1971,7.28
grc,1972,7.42
grc,1973,7.55
grc,1974,7.69
grc,1975,7.83
grc,1976,7.97
grc,1977,8.11
grc,1978,8.26
grc,1979,8.4
grc,1980,8.54
grc,1981,8.69
grc,1982,8.83
grc,1983,8.98
grc,1984,9.13
grc,1985,9.27
grc,1986,9.42
grc,1987,9.57
grc,1988,9.71
grc,1989,9.86
grc,1990,10.01
grc,1991,10.16
grc,1992,10.3
grc,1993,10.45
grc,1994,10.59
grc,1995,10.74
grc,1996,10.87
grc,1997,11.01
grc,1998,11.14
grc,1999,11.28
grc,2000,11.41
grc,2001,11.55
grc,2002,11.68
grc,2003,11.81
grc,2004,11.95
grc,2005,12.08
grc,2006,12.21
grc,2007,12.34
grc,2008,12.47
grc,2009,12.6
grc,2010,12.73
grc,2011,12.86
grc,2012,12.98
grc,2013,13.11
grc,2014,13.23
grc,2015,13.36
grd,1970,4.61
grd,1971,4.71
grd,1972,4.81
grd,1973,4.92
grd,1974,5.02
grd,1975,5.13
grd,1976,5.24
grd,1977,5.34
grd,1978,5.45
grd,1979,5.57
grd,1980,5.68
grd,1981,5.79
grd,1982,5.91
grd,1983,6.03
grd,1984,6.15
grd,1985,6.27
grd,1986,6.39
grd,1987,6.51
grd,1988,6.64
grd,1989,6.76
grd,1990,6.89
grd,1991,7.01
grd,1992,7.14
grd,1993,7.27
grd,1994,7.4
grd,1995,7.53
grd,1996,7.66
grd,1997,7.8
grd,1998,7.93
grd,1999,8.06
grd,2000,8.2
grd,2001,8.33
grd,2002,8.47
grd,2003,8.61
grd,2004,8.75
grd,2005,8.88
grd,2006,9.02
grd,2007,9.16
grd,2008,9.3
grd,2009,9.44
grd,2010,9.58
grd,2011,9.72
grd,2012,9.86
grd,2013,10
grd,2014,10.14
grd,2015,10.28
gtm,1970,2.98
gtm,1971,3.05
gtm,1972,3.12
gtm,1973,3.2
gtm,1974,3.27
gtm,1975,3.35
gtm,1976,3.43
gtm,1977,3.51
gtm,1978,3.59
gtm,1979,3.67
gtm,1980,3.76
gtm,1981,3.84
gtm,1982,3.93
gtm,1983,4.02
gtm,1984,4.11
gtm,1985,4.2
gtm,1986,4.29
gtm,1987,4.38
gtm,1988,4.48
gtm,1989,4.58
gtm,1990,4.67
gtm,1991,4.77
gtm,1992,4.87
gtm,1993,4.98
gtm,1994,5.08
gtm,1995,5.18
gtm,1996,5.29
gtm,1997,5.39
gtm,1998,5.5
gtm,1999,5.61
gtm,2000,5.72
gtm,2001,5.83
gtm,2002,5.94
gtm,2003,6.06
gtm,2004,6.18
gtm,2005,6.29
gtm,2006,6.41
gtm,2007,6.54
gtm,2008,6.66
gtm,2009,6.78
gtm,2010,6.91
gtm,2011,7.03
gtm,2012,7.16
gtm,2013,7.29
gtm,2014,7.42
gtm,2015,7.55
guy,1970,4.69
guy,1971,4.79
guy,1972,4.89
guy,1973,4.99
guy,1974,5.1
guy,1975,5.21
guy,1976,5.31
guy,1977,5.42
guy,1978,5.54
guy,1979,5.65
guy,1980,5.76
guy,1981,5.88
guy,1982,5.99
guy,1983,6.11
guy,1984,6.23
guy,1985,6.35
guy,1986,6.47
guy,1987,6.59
guy,1988,6.71
guy,1989,6.84
guy,1990,6.96
guy,1991,7.09
guy,1992,7.22
guy,1993,7.34
guy,1994,7.47
guy,1995,7.6
guy,1996,7.73
guy,1997,7.86
guy,1998,7.99
guy,1999,8.12
guy,2000,8.25
guy,2001,8.38
guy,2002,8.52
guy,2003,8.65
guy,2004,8.78
guy,2005,8.92
guy,2006,9.06
guy,2007,9.19
guy,2008,9.33
guy,2009,9.47
guy,2010,9.61
guy,2011,9.74
guy,2012,9.88
guy,2013,10.02
guy,2014,10.16
guy,2015,10.3
hnd,1970,2.88
hnd,1971,2.95
hnd,1972,3.03
hnd,1973,3.11
hnd,1974,3.19
hnd,1975,3.28
hnd,1976,3.36
hnd,1977,3.45
hnd,1978,3.54
hnd,1979,3.64
hnd,1980,3.73
hnd,1981,3.83
hnd,1982,3.93
hnd,1983,4.03
hnd,1984,4.14
hnd,1985,4.25
hnd,1986,4.36
hnd,1987,4.47
hnd,1988,4.59
hnd,1989,4.71
hnd,1990,4.83
hnd,1991,4.95
hnd,1992,5.08
hnd,1993,5.2
hnd,1994,5.33
hnd,1995,5.45
hnd,1996,5.57
hnd,1997,5.68
hnd,1998,5.79
hnd,1999,5.91
hnd,2000,6.03
hnd,2001,6.14
hnd,2002,6.26
hnd,2003,6.38
hnd,2004,6.5
hnd,2005,6.63
hnd,2006,6.75
hnd,2007,6.87
hnd,2008,7
hnd,2009,7.13
hnd,2010,7.26
hnd,2011,7.39
hnd,2012,7.52
hnd,2013,7.65
hnd,2014,7.78
hnd,2015,7.91
hrv,1970,6.3
hrv,1971,6.42
hrv,1972,6.55
hrv,1973,6.67
hrv,1974,6.79
hrv,1975,6.91
hrv,1976,7.04
hrv,1977,7.16
hrv,1978,7.29
hrv,1979,7.41
hrv,1980,7.54
hrv,1981,7.67
hrv,1982,7.79
hrv,1983,7.92
hrv,1984,8.04
hrv,1985,8.17
hrv,1986,8.29
hrv,1987,8.41
hrv,1988,8.54
hrv,1989,8.66
hrv,1990,8.78
hrv,1991,8.9
hrv,1992,9.01
hrv,1993,9.13
hrv,1994,9.24
hrv,1995,9.36
hrv,1996,9.47
hrv,1997,9.58
hrv,1998,9.69
hrv,1999,9.81
hrv,2000,9.92
hrv,2001,10.04
hrv,2002,10.16
hrv,2003,10.28
hrv,2004,10.4
hrv,2005,10.52
hrv,2006,10.64
hrv,2007,10.77
hrv,2008,10.89
hrv,2009,11.02
hrv,2010,11.15
hrv,2011,11.28
hrv,2012,11.41
hrv,2013,11.53
hrv,2014,11.66
hrv,2015,11.79
hti,1970,2.93
hti,1971,3.01
hti,1972,3.09
hti,1973,3.17
hti,1974,3.26
hti,1975,3.34
hti,1976,3.43
hti,1977,3.52
hti,1978,3.62
hti,1979,3.71
hti,1980,3.81
hti,1981,3.91
hti,1982,4.02
hti,1983,4.12
hti,1984,4.23
hti,1985,4.34
hti,1986,4.45
hti,1987,4.57
hti,1988,4.69
hti,1989,4.81
hti,1990,4.93
hti,1991,5.06
hti,1992,5.18
hti,1993,5.32
hti,1994,5.45
hti,1995,5.59
hti,1996,5.71
hti,1997,5.83
hti,1998,5.96
hti,1999,6.09
hti,2000,6.21
hti,2001,6.34
hti,2002,6.47
hti,2003,6.6
hti,2004,6.73
hti,2005,6.86
hti,2006,6.99
hti,2007,7.12
hti,2008,7.26
hti,2009,7.39
hti,2010,7.52
hti,2011,7.66
hti,2012,7.79
hti,2013,7.93
hti,2014,8.06
hti,2015,8.2
hun,1970,8.25
hun,1971,8.38
hun,1972,8.51
hun,1973,8.64
hun,1974,8.77
hun,1975,8.9
hun,1976,9.03
hun,1977,9.15
hun,1978,9.28
hun,1979,9.4
hun,1980,9.52
hun,1981,9.64
hun,1982,9.76
hun,1983,9.87
hun,1984,9.98
hun,1985,10.09
hun,1986,10.2
hun,1987,10.31
hun,1988,10.41
hun,1989,10.51
hun,1990,10.61
hun,1991,10.71
hun,1992,10.8
hun,1993,10.89
hun,1994,10.98
hun,1995,11.07
hun,1996,11.17
hun,1997,11.28
hun,1998,11.39
hun,1999,11.49
hun,2000,11.6
hun,2001,11.71
hun,2002,11.83
hun,2003,11.94
hun,2004,12.05
hun,2005,12.17
hun,2006,12.29
hun,2007,12.4
hun,2008,12.52
hun,2009,12.64
hun,2010,12.76
hun,2011,12.88
hun,2012,13
hun,2013,13.12
hun,2014,13.24
hun,2015,13.36
idn,1970,4.39
idn,1971,4.49
idn,1972,4.6
idn,1973,4.7
idn,1974,4.8
idn,1975,4.91
idn,1976,5.02
idn,1977,5.13
idn,1978,5.24
idn,1979,5.35
idn,1980,5.47
idn,1981,5.59
idn,1982,5.71
idn,1983,5.83
idn,1984,5.95
idn,1985,6.07
idn,1986,6.2
idn,1987,6.32
idn,1988,6.45
idn,1989,6.58
idn,1990,6.71
idn,1991,6.84
idn,1992,6.98
idn,1993,7.11
idn,1994,7.24
idn,1995,7.38
idn,1996,7.51
idn,1997,7.65
idn,1998,7.78
idn,1999,7.92
idn,2000,8.05
idn,2001,8.19
idn,2002,8.33
idn,2003,8.47
idn,2004,8.6
idn,2005,8.74
idn,2006,8.88
idn,2007,9.02
idn,2008,9.16
idn,2009,9.29
idn,2010,9.43
idn,2011,9.57
idn,2012,9.71
idn,2013,9.85
idn,2014,9.99
idn,2015,10.12
ind,1970,3.19
ind,1971,3.28
ind,1972,3.36
ind,1973,3.45
ind,1974,3.54
ind,1975,3.63
ind,1976,3.73
ind,1977,3.83
ind,1978,3.93
ind,1979,4.03
ind,1980,4.13
ind,1981,4.24
ind,1982,4.34
ind,1983,4.45
ind,1984,4.57
ind,1985,4.68
ind,1986,4.8
ind,1987,4.91
ind,1988,5.04
ind,1989,5.16
ind,1990,5.28
ind,1991,5.41
ind,1992,5.54
ind,1993,5.66
ind,1994,5.79
ind,1995,5.93
ind,1996,6.05
ind,1997,6.18
ind,1998,6.3
ind,1999,6.43
ind,2000,6.56
ind,2001,6.69
ind,2002,6.82
ind,2003,6.95
ind,2004,7.08
ind,2005,7.21
ind,2006,7.34
ind,2007,7.47
ind,2008,7.6
ind,2009,7.73
ind,2010,7.87
ind,2011,8
ind,2012,8.13
ind,2013,8.26
ind,2014,8.4
ind,2015,8.53
irl,1970,7.33
irl,1971,7.48
irl,1972,7.62
irl,1973,7.77
irl,1974,7.91
irl,1975,8.06
irl,1976,8.21
irl,1977,8.36
irl,1978,8.52
irl,1979,8.67
irl,1980,8.83
irl,1981,8.98
irl,1982,9.14
irl,1983,9.3
irl,1984,9.46
irl,1985,9.62
irl,1986,9.78
irl,1987,9.94
irl,1988,10.1
irl,1989,10.27
irl,1990,10.43
irl,1991,10.59
irl,1992,10.75
irl,1993,10.91
irl,1994,11.07
irl,1995,11.22
irl,1996,11.37
irl,1997,11.51
irl,1998,11.65
irl,1999,11.79
irl,2000,11.93
irl,2001,12.06
irl,2002,12.2
irl,2003,12.33
irl,2004,12.46
irl,2005,12.59
irl,2006,12.72
irl,2007,12.85
irl,2008,12.98
irl,2009,13.11
irl,2010,13.23
irl,2011,13.35
irl,2012,13.48
irl,2013,13.6
irl,2014,13.72
irl,2015,13.84
irn,1970,3.3
irn,1971,3.41
irn,1972,3.53
irn,1973,3.65
irn,1974,3.78
irn,1975,3.92
irn,1976,4.06
irn,1977,4.21
irn,1978,4.37
irn,1979,4.53
irn,1980,4.7
irn,1981,4.88
irn,1982,5.07
irn,1983,5.26
irn,1984,5.46
irn,1985,5.68
irn,1986,5.9
irn,1987,6.12
irn,1988,6.36
irn,1989,6.6
irn,1990,6.85
irn,1991,7.1
irn,1992,7.35
irn,1993,7.6
irn,1994,7.85
irn,1995,8.09
irn,1996,8.27
irn,1997,8.44
irn,1998,8.61
irn,1999,8.77
irn,2000,8.94
irn,2001,9.1
irn,2002,9.26
irn,2003,9.42
irn,2004,9.58
irn,2005,9.73
irn,2006,9.89
irn,2007,10.04
irn,2008,10.19
irn,2009,10.34
irn,2010,10.49
irn,2011,10.64
irn,2012,10.78
irn,2013,10.93
irn,2014,11.07
irn,2015,11.21
irq,1970,3.28
irq,1971,3.39
irq,1972,3.49
irq,1973,3.6
irq,1974,3.72
irq,1975,3.83
irq,1976,3.96
irq,1977,4.08
irq,1978,4.21
irq,1979,4.35
irq,1980,4.48
irq,1981,4.63
irq,1982,4.77
irq,1983,4.93
irq,1984,5.08
irq,1985,5.24
irq,1986,5.41
irq,1987,5.58
irq,1988,5.75
irq,1989,5.93
irq,1990,6.1
irq,1991,6.29
irq,1992,6.47
irq,1993,6.65
irq,1994,6.84
irq,1995,7.02
irq,1996,7.16
irq,1997,7.3
irq,1998,7.43
irq,1999,7.57
irq,2000,7.7
irq,2001,7.84
irq,2002,7.98
irq,2003,8.11
irq,2004,8.24
irq,2005,8.38
irq,2006,8.51
irq,2007,8.65
irq,2008,8.78
irq,2009,8.92
irq,2010,9.05
irq,2011,9.19
irq,2012,9.33
irq,2013,9.46
irq,2014,9.6
irq,2015,9.73
isl,1970,7.94
isl,1971,8.08
isl,1972,8.21
isl,1973,8.35
isl,1974,8.49
isl,1975,8.63
isl,1976,8.77
isl,1977,8.91
isl,1978,9.05
isl,1979,9.19
isl,1980,9.33
isl,1981,9.47
isl,1982,9.62
isl,1983,9.76
isl,1984,9.9
isl,1985,10.04
isl,1986,10.18
isl,1987,10.32
isl,1988,10.46
isl,1989,10.6
isl,1990,10.74
isl,1991,10.88
isl,1992,11.02
isl,1993,11.16
isl,1994,11.3
isl,1995,11.43
isl,1996,11.56
isl,1997,11.69
isl,1998,11.82
isl,1999,11.95
isl,2000,12.08
isl,2001,12.21
isl,2002,12.34
isl,2003,12.47
isl,2004,12.59
isl,2005,12.72
isl,2006,12.84
isl,2007,12.96
isl,2008,13.09
isl,2009,13.21
isl,2010,13.33
isl,2011,13.44
isl,2012,13.56
isl,2013,13.68
isl,2014,13.79
isl,2015,13.91
isr,1970,9.84
isr,1971,9.99
isr,1972,10.13
isr,1973,10.27
isr,1974,10.4
isr,1975,10.54
isr,1976,10.68
isr,1977,10.81
isr,1978,10.94
isr,1979,11.08
isr,1980,11.21
isr,1981,11.34
isr,1982,11.46
isr,1983,11.59
isr,1984,11.72
isr,1985,11.84
isr,1986,11.96
isr,1987,12.08
isr,1988,12.2
isr,1989,12.31
isr,1990,12.42
isr,1991,12.53
isr,1992,12.64
isr,1993,12.75
isr,1994,12.85
isr,1995,12.95
isr,1996,13.06
isr,1997,13.16
isr,1998,13.27
isr,1999,13.38
isr,2000,13.49
isr,2001,13.6
isr,2002,13.71
isr,2003,13.82
isr,2004,13.93
isr,2005,14.04
isr,2006,14.15
isr,2007,14.25
isr,2008,14.36
isr,2009,14.46
isr,2010,14.57
isr,2011,14.67
isr,2012,14.78
isr,2013,14.88
isr,2014,14.98
isr,2015,15.08
ita,1970,8.33
ita,1971,8.46
ita,1972,8.58
ita,1973,8.71
ita,1974,8.84
ita,1975,8.97
ita,1976,9.1
ita,1977,9.22
ita,1978,9.35
ita,1979,9.48
ita,1980,9.6
ita,1981,9.73
ita,1982,9.85
ita,1983,9.97
ita,1984,10.09
ita,1985,10.22
ita,1986,10.34
ita,1987,10.46
ita,1988,10.57
ita,1989,10.69
ita,1990,10.81
ita,1991,10.92
ita,1992,11.03
ita,1993,11.14
ita,1994,11.25
ita,1995,11.36
ita,1996,11.48
ita,1997,11.59
ita,1998,11.71
ita,1999,11.83
ita,2000,11.95
ita,2001,12.07
ita,2002,12.19
ita,2003,12.31
ita,2004,12.43
ita,2005,12.56
ita,2006,12.68
ita,2007,12.8
ita,2008,12.92
ita,2009,13.04
ita,2010,13.16
ita,2011,13.28
ita,2012,13.4
ita,2013,13.52
ita,2014,13.64
ita,2015,13.75
jam,1970,5.59
jam,1971,5.71
jam,1972,5.83
jam,1973,5.95
jam,1974,6.07
jam,1975,6.2
jam,1976,6.33
jam,1977,6.46
jam,1978,6.59
jam,1979,6.72
jam,1980,6.86
jam,1981,7
jam,1982,7.14
jam,1983,7.28
jam,1984,7.42
jam,1985,7.57
jam,1986,7.71
jam,1987,7.86
jam,1988,8.01
jam,1989,8.16
jam,1990,8.32
jam,1991,8.47
jam,1992,8.63
jam,1993,8.79
jam,1994,8.95
jam,1995,9.11
jam,1996,9.26
jam,1997,9.41
jam,1998,9.55
jam,1999,9.7
jam,2000,9.85
jam,2001,9.99
jam,2002,10.13
jam,2003,10.28
jam,2004,10.42
jam,2005,10.56
jam,2006,10.7
jam,2007,10.84
jam,2008,10.98
jam,2009,11.12
jam,2010,11.26
jam,2011,11.39
jam,2012,11.53
jam,2013,11.66
jam,2014,11.8
jam,2015,11.93
jor,1970,5.87
jor,1971,6.01
jor,1972,6.15
jor,1973,6.3
jor,1974,6.45
jor,1975,6.6
jor,1976,6.75
jor,1977,6.91
jor,1978,7.06
jor,1979,7.22
jor,1980,7.38
jor,1981,7.55
jor,1982,7.71
jor,1983,7.88
jor,1984,8.04
jor,1985,8.21
jor,1986,8.37
jor,1987,8.54
jor,1988,8.71
jor,1989,8.87
jor,1990,9.03
jor,1991,9.2
jor,1992,9.36
jor,1993,9.51
jor,1994,9.67
jor,1995,9.82
jor,1996,9.95
jor,1997,10.08
jor,1998,10.21
jor,1999,10.34
jor,2000,10.47
jor,2001,10.6
jor,2002,10.73
jor,2003,10.86
jor,2004,10.99
jor,2005,11.12
jor,2006,11.25
jor,2007,11.38
jor,2008,11.51
jor,2009,11.64
jor,2010,11.77
jor,2011,11.89
jor,2012,12.02
jor,2013,12.15
jor,2014,12.27
jor,2015,12.4
jpn,1970,9.78
jpn,1971,9.91
jpn,1972,10.05
jpn,1973,10.18
jpn,1974,10.31
jpn,1975,10.45
jpn,1976,10.58
jpn,1977,10.71
jpn,1978,10.84
jpn,1979,10.97
jpn,1980,11.1
jpn,1981,11.23
jpn,1982,11.36
jpn,1983,11.49
jpn,1984,11.61
jpn,1985,11.74
jpn,1986,11.86
jpn,1987,11.99
jpn,1988,12.11
jpn,1989,12.23
jpn,1990,12.35
jpn,1991,12.46
jpn,1992,12.58
jpn,1993,12.69
jpn,1994,12.81
jpn,1995,12.92
jpn,1996,13.04
jpn,1997,13.15
jpn,1998,13.27
jpn,1999,13.39
jpn,2000,13.5
jpn,2001,13.62
jpn,2002,13.73
jpn,2003,13.85
jpn,2004,13.96
jpn,2005,14.07
jpn,2006,14.18
jpn,2007,14.29
jpn,2008,14.4
jpn,2009,14.51
jpn,2010,14.62
jpn,2011,14.73
jpn,2012,14.83
jpn,2013,14.94
jpn,2014,15.04
jpn,2015,15.14
kaz,1970,7.52
kaz,1971,7.66
kaz,1972,7.79
kaz,1973,7.93
kaz,1974,8.07
kaz,1975,8.21
kaz,1976,8.34
kaz,1977,8.48
kaz,1978,8.62
kaz,1979,8.76
kaz,1980,8.9
kaz,1981,9.04
kaz,1982,9.18
kaz,1983,9.32
kaz,1984,9.46
kaz,1985,9.59
kaz,1986,9.73
kaz,1987,9.87
kaz,1988,10
kaz,1989,10.14
kaz,1990,10.27
kaz,1991,10.4
kaz,1992,10.54
kaz,1993,10.67
kaz,1994,10.8
kaz,1995,10.92
kaz,1996,11.05
kaz,1997,11.18
kaz,1998,11.3
kaz,1999,11.42
kaz,2000,11.55
kaz,2001,11.67
kaz,2002,11.8
kaz,2003,11.92
kaz,2004,12.04
kaz,2005,12.16
kaz,2006,12.29
kaz,2007,12.41
kaz,2008,12.53
kaz,2009,12.65
kaz,2010,12.77
kaz,2011,12.89
kaz,2012,13.01
kaz,2013,13.13
kaz,2014,13.25
kaz,2015,13.36
ken,1970,4.19
ken,1971,4.3
ken,1972,4.41
ken,1973,4.53
ken,1974,4.64
ken,1975,4.76
ken,1976,4.89
ken,1977,5.01
ken,1978,5.14
ken,1979,5.27
ken,1980,5.4
ken,1981,5.54
ken,1982,5.68
ken,1983,5.82
ken,1984,5.96
ken,1985,6.1
ken,1986,6.25
ken,1987,6.39
ken,1988,6.54
ken,1989,6.69
ken,1990,6.84
ken,1991,6.99
ken,1992,7.14
ken,1993,7.29
ken,1994,7.44
ken,1995,7.59
ken,1996,7.71
ken,1997,7.84
ken,1998,7.97
ken,1999,8.09
ken,2000,8.22
ken,2001,8.34
ken,2002,8.47
ken,2003,8.59
ken,2004,8.71
ken,2005,8.84
ken,2006,8.96
ken,2007,9.08
ken,2008,9.21
ken,2009,9.33
ken,2010,9.46
ken,2011,9.58
ken,2012,9.71
ken,2013,9.83
ken,2014,9.96
ken,2015,10.09
kgz,1970,7.76
kgz,1971,7.9
kgz,1972,8.03
kgz,1973,8.17
kgz,1974,8.31
kgz,1975,8.44
kgz,1976,8.58
kgz,1977,8.72
kgz,1978,8.86
kgz,1979,8.99
kgz,1980,9.13
kgz,1981,9.27
kgz,1982,9.4
kgz,1983,9.54
kgz,1984,9.67
kgz,1985,9.81
kgz,1986,9.94
kgz,1987,10.07
kgz,1988,10.19
kgz,1989,10.32
kgz,1990,10.45
kgz,1991,10.57
kgz,1992,10.69
kgz,1993,10.81
kgz,1994,10.92
kgz,1995,11.04
kgz,1996,11.14
kgz,1997,11.24
kgz,1998,11.35
kgz,1999,11.45
kgz,2000,11.56
kgz,2001,11.66
kgz,2002,11.77
kgz,2003,11.87
kgz,2004,11.98
kgz,2005,12.08
kgz,2006,12.19
kgz,2007,12.3
kgz,2008,12.41
kgz,2009,12.52
kgz,2010,12.63
kgz,2011,12.74
kgz,2012,12.86
kgz,2013,12.97
kgz,2014,13.08
kgz,2015,13.2
khm,1970,2.86
khm,1971,2.93
khm,1972,3
khm,1973,3.07
khm,1974,3.14
khm,1975,3.22
khm,1976,3.29
khm,1977,3.37
khm,1978,3.45
khm,1979,3.53
khm,1980,3.61
khm,1981,3.69
khm,1982,3.77
khm,1983,3.86
khm,1984,3.94
khm,1985,4.03
khm,1986,4.12
khm,1987,4.21
khm,1988,4.3
khm,1989,4.39
khm,1990,4.48
khm,1991,4.58
khm,1992,4.68
khm,1993,4.77
khm,1994,4.87
khm,1995,4.97
khm,1996,5.07
khm,1997,5.18
khm,1998,5.28
khm,1999,5.39
khm,2000,5.49
khm,2001,5.6
khm,2002,5.71
khm,2003,5.82
khm,2004,5.94
khm,2005,6.05
khm,2006,6.17
khm,2007,6.29
khm,2008,6.41
khm,2009,6.53
khm,2010,6.65
khm,2011,6.77
khm,2012,6.9
khm,2013,7.03
khm,2014,7.16
khm,2015,7.29
kir,1970,5.02
kir,1971,5.12
kir,1972,5.22
kir,1973,5.32
kir,1974,5.42
kir,1975,5.52
kir,1976,5.63
kir,1977,5.73
kir,1978,5.83
kir,1979,5.93
kir,1980,6.03
kir,1981,6.14
kir,1982,6.24
kir,1983,6.34
kir,1984,6.44
kir,1985,6.54
kir,1986,6.63
kir,1987,6.73
kir,1988,6.83
kir,1989,6.92
kir,1990,7.02
kir,1991,7.11
kir,1992,7.2
kir,1993,7.28
kir,1994,7.37
kir,1995,7.45
kir,1996,7.53
kir,1997,7.62
kir,1998,7.7
kir,1999,7.8
kir,2000,7.9
kir,2001,7.99
kir,2002,8.1
kir,2003,8.2
kir,2004,8.31
kir,2005,8.42
kir,2006,8.53
kir,2007,8.64
kir,2008,8.76
kir,2009,8.87
kir,2010,8.99
kir,2011,9.11
kir,2012,9.23
kir,2013,9.36
kir,2014,9.48
kir,2015,9.61
kor,1970,8.92
kor,1971,9.05
kor,1972,9.19
kor,1973,9.32
kor,1974,9.46
kor,1975,9.59
kor,1976,9.73
kor,1977,9.86
kor,1978,10
kor,1979,10.13
kor,1980,10.27
kor,1981,10.4
kor,1982,10.54
kor,1983,10.67
kor,1984,10.81
kor,1985,10.94
kor,1986,11.08
kor,1987,11.21
kor,1988,11.35
kor,1989,11.48
kor,1990,11.62
kor,1991,11.75
kor,1992,11.89
kor,1993,12.02
kor,1994,12.16
kor,1995,12.3
kor,1996,12.43
kor,1997,12.57
kor,1998,12.71
kor,1999,12.84
kor,2000,12.97
kor,2001,13.1
kor,2002,13.23
kor,2003,13.36
kor,2004,13.49
kor,2005,13.61
kor,2006,13.73
kor,2007,13.86
kor,2008,13.98
kor,2009,14.09
kor,2010,14.21
kor,2011,14.33
kor,2012,14.44
kor,2013,14.55
kor,2014,14.66
kor,2015,14.77
kwt,1970,4.75
kwt,1971,4.87
kwt,1972,4.98
kwt,1973,5.1
kwt,1974,5.22
kwt,1975,5.34
kwt,1976,5.47
kwt,1977,5.6
kwt,1978,5.73
kwt,1979,5.86
kwt,1980,6
kwt,1981,6.14
kwt,1982,6.29
kwt,1983,6.43
kwt,1984,6.58
kwt,1985,6.74
kwt,1986,6.9
kwt,1987,7.06
kwt,1988,7.22
kwt,1989,7.39
kwt,1990,7.57
kwt,1991,7.75
kwt,1992,7.93
kwt,1993,8.12
kwt,1994,8.32
kwt,1995,8.53
kwt,1996,8.72
kwt,1997,8.92
kwt,1998,9.11
kwt,1999,9.3
kwt,2000,9.49
kwt,2001,9.68
kwt,2002,9.86
kwt,2003,10.04
kwt,2004,10.22
kwt,2005,10.4
kwt,2006,10.57
kwt,2007,10.74
kwt,2008,10.91
kwt,2009,11.07
kwt,2010,11.24
kwt,2011,11.4
kwt,2012,11.55
kwt,2013,11.71
kwt,2014,11.86
kwt,2015,12.01
lao,1970,2.72
lao,1971,2.79
lao,1972,2.85
lao,1973,2.92
lao,1974,2.99
lao,1975,3.07
lao,1976,3.14
lao,1977,3.21
lao,1978,3.29
lao,1979,3.37
lao,1980,3.45
lao,1981,3.53
lao,1982,3.61
lao,1983,3.7
lao,1984,3.78
lao,1985,3.87
lao,1986,3.96
lao,1987,4.05
lao,1988,4.14
lao,1989,4.24
lao,1990,4.33
lao,1991,4.43
lao,1992,4.53
lao,1993,4.63
lao,1994,4.74
lao,1995,4.84
lao,1996,4.96
lao,1997,5.07
lao,1998,5.18
lao,1999,5.3
lao,2000,5.41
lao,2001,5.53
lao,2002,5.65
lao,2003,5.77
lao,2004,5.89
lao,2005,6.02
lao,2006,6.14
lao,2007,6.27
lao,2008,6.4
lao,2009,6.52
lao,2010,6.65
lao,2011,6.78
lao,2012,6.91
lao,2013,7.05
lao,2014,7.18
lao,2015,7.31
lbn,1970,4.89
lbn,1971,5
lbn,1972,5.1
lbn,1973,5.21
lbn,1974,5.32
lbn,1975,5.44
lbn,1976,5.55
lbn,1977,5.67
lbn,1978,5.78
lbn,1979,5.9
lbn,1980,6.02
lbn,1981,6.15
lbn,1982,6.27
lbn,1983,6.39
lbn,1984,6.52
lbn,1985,6.65
lbn,1986,6.78
lbn,1987,6.91
lbn,1988,7.04
lbn,1989,7.17
lbn,1990,7.3
lbn,1991,7.44
lbn,1992,7.58
lbn,1993,7.71
lbn,1994,7.85
lbn,1995,7.99
lbn,1996,8.13
lbn,1997,8.26
lbn,1998,8.4
lbn,1999,8.54
lbn,2000,8.68
lbn,2001,8.82
lbn,2002,8.96
lbn,2003,9.1
lbn,2004,9.24
lbn,2005,9.38
lbn,2006,9.53
lbn,2007,9.67
lbn,2008,9.81
lbn,2009,9.95
lbn,2010,10.09
lbn,2011,10.23
lbn,2012,10.37
lbn,2013,10.51
lbn,2014,10.65
lbn,2015,10.79
lbr,1970,2.23
lbr,1971,2.3
lbr,1972,2.36
lbr,1973,2.43
lbr,1974,2.5
lbr,1975,2.58
lbr,1976,2.65
lbr,1977,2.73
lbr,1978,2.81
lbr,1979,2.9
lbr,1980,2.98
lbr,1981,3.07
lbr,1982,3.17
lbr,1983,3.26
lbr,1984,3.36
lbr,1985,3.47
lbr,1986,3.57
lbr,1987,3.69
lbr,1988,3.8
lbr,1989,3.92
lbr,1990,4.04
lbr,1991,4.17
lbr,1992,4.3
lbr,1993,4.43
lbr,1994,4.57
lbr,1995,4.7
lbr,1996,4.82
lbr,1997,4.94
lbr,1998,5.06
lbr,1999,5.18
lbr,2000,5.3
lbr,2001,5.42
lbr,2002,5.54
lbr,2003,5.66
lbr,2004,5.78
lbr,2005,5.91
lbr,2006,6.03
lbr,2007,6.16
lbr,2008,6.28
lbr,2009,6.41
lbr,2010,6.54
lbr,2011,6.67
lbr,2012,6.79
lbr,2013,6.92
lbr,2014,7.05
lbr,2015,7.18
lby,1970,3.54
lby,1971,3.63
lby,1972,3.71
lby,1973,3.8
lby,1974,3.89
lby,1975,3.98
lby,1976,4.07
lby,1977,4.16
lby,1978,4.26
lby,1979,4.35
lby,1980,4.45
lby,1981,4.55
lby,1982,4.65
lby,1983,4.75
lby,1984,4.86
lby,1985,4.96
lby,1986,5.07
lby,1987,5.18
lby,1988,5.29
lby,1989,5.4
lby,1990,5.52
lby,1991,5.63
lby,1992,5.75
lby,1993,5.87
lby,1994,5.99
lby,1995,6.11
lby,1996,6.23
lby,1997,6.35
lby,1998,6.47
lby,1999,6.59
lby,2000,6.72
lby,2001,6.85
lby,2002,6.97
lby,2003,7.1
lby,2004,7.23
lby,2005,7.36
lby,2006,7.49
lby,2007,7.63
lby,2008,7.76
lby,2009,7.89
lby,2010,8.03
lby,2011,8.16
lby,2012,8.3
lby,2013,8.43
lby,2014,8.57
lby,2015,8.71
lca,1970,5.21
lca,1971,5.32
lca,1972,5.43
lca,1973,5.54
lca,1974,5.65
lca,1975,5.77
lca,1976,5.88
lca,1977,6
lca,1978,6.11
lca,1979,6.23
lca,1980,6.35
lca,1981,6.47
lca,1982,6.59
lca,1983,6.71
lca,1984,6.84
lca,1985,6.96
lca,1986,7.08
lca,1987,7.21
lca,1988,7.33
lca,1989,7.46
lca,1990,7.59
lca,1991,7.71
lca,1992,7.84
lca,1993,7.97
lca,1994,8.1
lca,1995,8.23
lca,1996,8.35
lca,1997,8.48
lca,1998,8.62
lca,1999,8.75
lca,2000,8.88
lca,2001,9.01
lca,2002,9.15
lca,2003,9.28
lca,2004,9.42
lca,2005,9.56
lca,2006,9.69
lca,2007,9.83
lca,2008,9.97
lca,2009,10.1
lca,2010,10.24
lca,2011,10.38
lca,2012,10.52
lca,2013,10.66
lca,2014,10.79
lca,2015,10.93
lka,1970,5.93
lka,1971,6.03
lka,1972,6.14
lka,1973,6.25
lka,1974,6.36
lka,1975,6.47
lka,1976,6.58
lka,1977,6.7
lka,1978,6.81
lka,1979,6.92
lka,1980,7.03
lka,1981,7.14
lka,1982,7.25
lka,1983,7.36
lka,1984,7.46
lka,1985,7.57
lka,1986,7.68
lka,1987,7.78
lka,1988,7.89
lka,1989,7.99
lka,1990,8.09
lka,1991,8.19
lka,1992,8.29
lka,1993,8.39
lka,1994,8.48
lka,1995,8.57
lka,1996,8.69
lka,1997,8.81
lka,1998,8.93
lka,1999,9.05
lka,2000,9.17
lka,2001,9.3
lka,2002,9.43
lka,2003,9.55
lka,2004,9.68
lka,2005,9.81
lka,2006,9.94
lka,2007,10.07
lka,2008,10.2
lka,2009,10.34
lka,2010,10.47
lka,2011,10.6
lka,2012,10.73
lka,2013,10.87
lka,2014,11
lka,2015,11.13
lso,1970,3.24
lso,1971,3.32
lso,1972,3.4
lso,1973,3.48
lso,1974,3.56
lso,1975,3.64
lso,1976,3.72
lso,1977,3.81
lso,1978,3.9
lso,1979,3.98
lso,1980,4.07
lso,1981,4.16
lso,1982,4.26
lso,1983,4.35
lso,1984,4.45
lso,1985,4.54
lso,1986,4.64
lso,1987,4.74
lso,1988,4.84
lso,1989,4.94
lso,1990,5.05
lso,1991,5.15
lso,1992,5.26
lso,1993,5.37
lso,1994,5.48
lso,1995,5.59
lso,1996,5.7
lso,1997,5.82
lso,1998,5.94
lso,1999,6.06
lso,2000,6.18
lso,2001,6.3
lso,2002,6.42
lso,2003,6.55
lso,2004,6.67
lso,2005,6.8
lso,2006,6.93
lso,2007,7.05
lso,2008,7.18
lso,2009,7.32
lso,2010,7.45
lso,2011,7.58
lso,2012,7.71
lso,2013,7.85
lso,2014,7.98
lso,2015,8.12
ltu,1970,8.39
ltu,1971,8.53
ltu,1972,8.67
ltu,1973,8.81
ltu,1974,8.95
ltu,1975,9.08
ltu,1976,9.22
ltu,1977,9.36
ltu,1978,9.5
ltu,1979,9.63
ltu,1980,9.77
ltu,1981,9.9
ltu,1982,10.03
ltu,1983,10.17
ltu,1984,10.3
ltu,1985,10.42
ltu,1986,10.55
ltu,1987,10.67
ltu,1988,10.79
ltu,1989,10.91
ltu,1990,11.03
ltu,1991,11.14
ltu,1992,11.25
ltu,1993,11.36
ltu,1994,11.47
ltu,1995,11.57
ltu,1996,11.66
ltu,1997,11.75
ltu,1998,11.84
ltu,1999,11.93
ltu,2000,12.03
ltu,2001,12.13
ltu,2002,12.22
ltu,2003,12.32
ltu,2004,12.42
ltu,2005,12.52
ltu,2006,12.62
ltu,2007,12.72
ltu,2008,12.83
ltu,2009,12.93
ltu,2010,13.03
ltu,2011,13.14
ltu,2012,13.24
ltu,2013,13.35
ltu,2014,13.46
ltu,2015,13.57
lux,1970,7.65
lux,1971,7.78
lux,1972,7.91
lux,1973,8.05
lux,1974,8.19
lux,1975,8.32
lux,1976,8.46
lux,1977,8.6
lux,1978,8.74
lux,1979,8.88
lux,1980,9.02
lux,1981,9.16
lux,1982,9.3
lux,1983,9.44
lux,1984,9.58
lux,1985,9.72
lux,1986,9.86
lux,1987,10
lux,1988,10.14
lux,1989,10.28
lux,1990,10.42
lux,1991,10.56
lux,1992,10.7
lux,1993,10.84
lux,1994,10.98
lux,1995,11.12
lux,1996,11.25
lux,1997,11.39
lux,1998,11.53
lux,1999,11.66
lux,2000,11.79
lux,2001,11.93
lux,2002,12.06
lux,2003,12.19
lux,2004,12.32
lux,2005,12.45
lux,2006,12.58
lux,2007,12.71
lux,2008,12.84
lux,2009,12.97
lux,2010,13.09
lux,2011,13.22
lux,2012,13.34
lux,2013,13.46
lux,2014,13.58
lux,2015,13.7
lva,1970,8.11
lva,1971,8.25
lva,1972,8.39
lva,1973,8.52
lva,1974,8.66
lva,1975,8.8
lva,1976,8.93
lva,1977,9.07
lva,1978,9.21
lva,1979,9.34
lva,1980,9.48
lva,1981,9.61
lva,1982,9.74
lva,1983,9.87
lva,1984,10
lva,1985,10.13
lva,1986,10.26
lva,1987,10.38
lva,1988,10.51
lva,1989,10.63
lva,1990,10.75
lva,1991,10.86
lva,1992,10.98
lva,1993,11.09
lva,1994,11.2
lva,1995,11.3
lva,1996,11.4
lva,1997,11.51
lva,1998,11.61
lva,1999,11.71
lva,2000,11.82
lva,2001,11.92
lva,2002,12.03
lva,2003,12.14
lva,2004,12.24
lva,2005,12.35
lva,2006,12.46
lva,2007,12.57
lva,2008,12.69
lva,2009,12.8
lva,2010,12.91
lva,2011,13.02
lva,2012,13.14
lva,2013,13.25
lva,2014,13.36
lva,2015,13.48
mar,1970,2.51
mar,1971,2.57
mar,1972,2.64
mar,1973,2.7
mar,1974,2.77
mar,1975,2.84
mar,1976,2.91
mar,1977,2.98
mar,1978,3.05
mar,1979,3.13
mar,1980,3.2
mar,1981,3.28
mar,1982,3.36
mar,1983,3.44
mar,1984,3.53
mar,1985,3.61
mar,1986,3.7
mar,1987,3.78
mar,1988,3.87
mar,1989,3.96
mar,1990,4.05
mar,1991,4.15
mar,1992,4.24
mar,1993,4.34
mar,1994,4.44
mar,1995,4.54
mar,1996,4.64
mar,1997,4.74
mar,1998,4.85
mar,1999,4.95
mar,2000,5.06
mar,2001,5.17
mar,2002,5.28
mar,2003,5.39
mar,2004,5.51
mar,2005,5.62
mar,2006,5.74
mar,2007,5.86
mar,2008,5.97
mar,2009,6.09
mar,2010,6.21
mar,2011,6.34
mar,2012,6.46
mar,2013,6.58
mar,2014,6.71
mar,2015,6.83
mda,1970,7
mda,1971,7.13
mda,1972,7.26
mda,1973,7.39
mda,1974,7.51
mda,1975,7.64
mda,1976,7.77
mda,1977,7.9
mda,1978,8.03
mda,1979,8.16
mda,1980,8.29
mda,1981,8.43
mda,1982,8.56
mda,1983,8.69
mda,1984,8.82
mda,1985,8.95
mda,1986,9.08
mda,1987,9.2
mda,1988,9.33
mda,1989,9.46
mda,1990,9.59
mda,1991,9.71
mda,1992,9.84
mda,1993,9.96
mda,1994,10.09
mda,1995,10.21
mda,1996,10.34
mda,1997,10.47
mda,1998,10.59
mda,1999,10.72
mda,2000,10.85
mda,2001,10.98
mda,2002,11.11
mda,2003,11.24
mda,2004,11.38
mda,2005,11.51
mda,2006,11.64
mda,2007,11.77
mda,2008,11.91
mda,2009,12.04
mda,2010,12.17
mda,2011,12.3
mda,2012,12.43
mda,2013,12.56
mda,2014,12.69
mda,2015,12.82
mdg,1970,2.65
mdg,1971,2.71
mdg,1972,2.78
mdg,1973,2.85
mdg,1974,2.92
mdg,1975,2.99
mdg,1976,3.06
mdg,1977,3.14
mdg,1978,3.21
mdg,1979,3.29
mdg,1980,3.37
mdg,1981,3.45
mdg,1982,3.53
mdg,1983,3.61
mdg,1984,3.69
mdg,1985,3.78
mdg,1986,3.86
mdg,1987,3.95
mdg,1988,4.04
mdg,1989,4.13
mdg,1990,4.22
mdg,1991,4.32
mdg,1992,4.41
mdg,1993,4.51
mdg,1994,4.6
mdg,1995,4.7
mdg,1996,4.8
mdg,1997,4.9
mdg,1998,5.01
mdg,1999,5.11
mdg,2000,5.22
mdg,2001,5.32
mdg,2002,5.43
mdg,2003,5.54
mdg,2004,5.65
mdg,2005,5.76
mdg,2006,5.88
mdg,2007,5.99
mdg,2008,6.11
mdg,2009,6.23
mdg,2010,6.35
mdg,2011,6.47
mdg,2012,6.59
mdg,2013,6.71
mdg,2014,6.84
mdg,2015,6.96
mdv,1970,3.36
mdv,1971,3.44
mdv,1972,3.52
mdv,1973,3.6
mdv,1974,3.68
mdv,1975,3.76
mdv,1976,3.84
mdv,1977,3.93
mdv,1978,4.01
mdv,1979,4.1
mdv,1980,4.18
mdv,1981,4.27
mdv,1982,4.36
mdv,1983,4.45
mdv,1984,4.54
mdv,1985,4.63
mdv,1986,4.72
mdv,1987,4.81
mdv,1988,4.91
mdv,1989,5
mdv,1990,5.09
mdv,1991,5.19
mdv,1992,5.28
mdv,1993,5.38
mdv,1994,5.47
mdv,1995,5.57
mdv,1996,5.67
mdv,1997,5.77
mdv,1998,5.87
mdv,1999,5.98
mdv,2000,6.09
mdv,2001,6.2
mdv,2002,6.31
mdv,2003,6.42
mdv,2004,6.54
mdv,2005,6.66
mdv,2006,6.78
mdv,2007,6.9
mdv,2008,7.02
mdv,2009,7.15
mdv,2010,7.27
mdv,2011,7.4
mdv,2012,7.53
mdv,2013,7.66
mdv,2014,7.79
mdv,2015,7.92
mex,1970,4.89
mex,1971,5
mex,1972,5.12
mex,1973,5.23
mex,1974,5.35
mex,1975,5.47
mex,1976,5.59
mex,1977,5.72
mex,1978,5.84
mex,1979,5.97
mex,1980,6.1
mex,1981,6.23
mex,1982,6.36
mex,1983,6.49
mex,1984,6.63
mex,1985,6.76
mex,1986,6.9
mex,1987,7.03
mex,1988,7.17
mex,1989,7.31
mex,1990,7.44
mex,1991,7.58
mex,1992,7.72
mex,1993,7.86
mex,1994,7.99
mex,1995,8.13
mex,1996,8.26
mex,1997,8.39
mex,1998,8.52
mex,1999,8.65
mex,2000,8.79
mex,2001,8.92
mex,2002,9.05
mex,2003,9.19
mex,2004,9.32
mex,2005,9.45
mex,2006,9.59
mex,2007,9.72
mex,2008,9.86
mex,2009,9.99
mex,2010,10.13
mex,2011,10.27
mex,2012,10.4
mex,2013,10.54
mex,2014,10.67
mex,2015,10.81
mhl,1970,4.75
mhl,1971,4.85
mhl,1972,4.96
mhl,1973,5.06
mhl,1974,5.17
mhl,1975,5.28
mhl,1976,5.39
mhl,1977,5.5
mhl,1978,5.61
mhl,1979,5.72
mhl,1980,5.84
mhl,1981,5.95
mhl,1982,6.07
mhl,1983,6.19
mhl,1984,6.31
mhl,1985,6.43
mhl,1986,6.55
mhl,1987,6.67
mhl,1988,6.8
mhl,1989,6.92
mhl,1990,7.05
mhl,1991,7.18
mhl,1992,7.3
mhl,1993,7.43
mhl,1994,7.56
mhl,1995,7.69
mhl,1996,7.82
mhl,1997,7.96
mhl,1998,8.09
mhl,1999,8.22
mhl,2000,8.36
mhl,2001,8.49
mhl,2002,8.63
mhl,2003,8.77
mhl,2004,8.9
mhl,2005,9.04
mhl,2006,9.18
mhl,2007,9.32
mhl,2008,9.46
mhl,2009,9.6
mhl,2010,9.74
mhl,2011,9.88
mhl,2012,10.02
mhl,2013,10.16
mhl,2014,10.29
mhl,2015,10.43
mkd,1970,6.71
mkd,1971,6.83
mkd,1972,6.95
mkd,1973,7.08
mkd,1974,7.21
mkd,1975,7.33
mkd,1976,7.46
mkd,1977,7.59
mkd,1978,7.72
mkd,1979,7.84
mkd,1980,7.97
mkd,1981,8.1
mkd,1982,8.23
mkd,1983,8.36
mkd,1984,8.49
mkd,1985,8.62
mkd,1986,8.74
mkd,1987,8.87
mkd,1988,9
mkd,1989,9.12
mkd,1990,9.25
mkd,1991,9.37
mkd,1992,9.5
mkd,1993,9.62
mkd,1994,9.74
mkd,1995,9.86
mkd,1996,9.97
mkd,1997,10.09
mkd,1998,10.2
mkd,1999,10.32
mkd,2000,10.44
mkd,2001,10.56
mkd,2002,10.68
mkd,2003,10.81
mkd,2004,10.93
mkd,2005,11.05
mkd,2006,11.18
mkd,2007,11.31
mkd,2008,11.43
mkd,2009,11.56
mkd,2010,11.69
mkd,2011,11.82
mkd,2012,11.95
mkd,2013,12.07
mkd,2014,12.2
mkd,2015,12.33
mli,1970,0.93
mli,1971,0.95
mli,1972,0.98
mli,1973,1.01
mli,1974,1.04
mli,1975,1.06
mli,1976,1.09
mli,1977,1.12
mli,1978,1.15
mli,1979,1.19
mli,1980,1.22
mli,1981,1.25
mli,1982,1.29
mli,1983,1.32
mli,1984,1.36
mli,1985,1.4
mli,1986,1.43
mli,1987,1.47
mli,1988,1.51
mli,1989,1.55
mli,1990,1.6
mli,1991,1.64
mli,1992,1.69
mli,1993,1.73
mli,1994,1.78
mli,1995,1.83
mli,1996,1.87
mli,1997,1.92
mli,1998,1.97
mli,1999,2.02
mli,2000,2.07
mli,2001,2.13
mli,2002,2.18
mli,2003,2.24
mli,2004,2.29
mli,2005,2.35
mli,2006,2.41
mli,2007,2.47
mli,2008,2.53
mli,2009,2.6
mli,2010,2.66
mli,2011,2.73
mli,2012,2.79
mli,2013,2.86
mli,2014,2.93
mli,2015,3
mlt,1970,6.67
mlt,1971,6.78
mlt,1972,6.88
mlt,1973,6.99
mlt,1974,7.1
mlt,1975,7.2
mlt,1976,7.31
mlt,1977,7.41
mlt,1978,7.51
mlt,1979,7.61
mlt,1980,7.71
mlt,1981,7.81
mlt,1982,7.9
mlt,1983,8
mlt,1984,8.09
mlt,1985,8.17
mlt,1986,8.25
mlt,1987,8.33
mlt,1988,8.41
mlt,1989,8.48
mlt,1990,8.54
mlt,1991,8.61
mlt,1992,8.66
mlt,1993,8.71
mlt,1994,8.76
mlt,1995,8.8
mlt,1996,8.91
mlt,1997,9.01
mlt,1998,9.13
mlt,1999,9.24
mlt,2000,9.36
mlt,2001,9.48
mlt,2002,9.6
mlt,2003,9.72
mlt,2004,9.85
mlt,2005,9.97
mlt,2006,10.1
mlt,2007,10.23
mlt,2008,10.36
mlt,2009,10.49
mlt,2010,10.62
mlt,2011,10.75
mlt,2012,10.89
mlt,2013,11.02
mlt,2014,11.15
mlt,2015,11.28
mmr,1970,2.89
mmr,1971,2.96
mmr,1972,3.03
mmr,1973,3.11
mmr,1974,3.18
mmr,1975,3.25
mmr,1976,3.33
mmr,1977,3.41
mmr,1978,3.49
mmr,1979,3.57
mmr,1980,3.65
mmr,1981,3.73
mmr,1982,3.82
mmr,1983,3.9
mmr,1984,3.99
mmr,1985,4.08
mmr,1986,4.17
mmr,1987,4.26
mmr,1988,4.36
mmr,1989,4.45
mmr,1990,4.55
mmr,1991,4.65
mmr,1992,4.75
mmr,1993,4.85
mmr,1994,4.95
mmr,1995,5.06
mmr,1996,5.16
mmr,1997,5.27
mmr,1998,5.38
mmr,1999,5.49
mmr,2000,5.61
mmr,2001,5.72
mmr,2002,5.84
mmr,2003,5.95
mmr,2004,6.07
mmr,2005,6.19
mmr,2006,6.32
mmr,2007,6.44
mmr,2008,6.56
mmr,2009,6.69
mmr,2010,6.82
mmr,2011,6.94
mmr,2012,7.07
mmr,2013,7.2
mmr,2014,7.33
mmr,2015,7.47
mne,1970,6.82
mne,1971,6.94
mne,1972,7.07
mne,1973,7.2
mne,1974,7.33
mne,1975,7.46
mne,1976,7.59
mne,1977,7.72
mne,1978,7.85
mne,1979,7.99
mne,1980,8.12
mne,1981,8.25
mne,1982,8.39
mne,1983,8.53
mne,1984,8.66
mne,1985,8.8
mne,1986,8.94
mne,1987,9.07
mne,1988,9.21
mne,1989,9.35
mne,1990,9.49
mne,1991,9.62
mne,1992,9.76
mne,1993,9.9
mne,1994,10.04
mne,1995,10.18
mne,1996,10.31
mne,1997,10.45
mne,1998,10.59
mne,1999,10.73
mne,2000,10.87
mne,2001,11
mne,2002,11.14
mne,2003,11.28
mne,2004,11.42
mne,2005,11.55
mne,2006,11.69
mne,2007,11.82
mne,2008,11.96
mne,2009,12.09
mne,2010,12.22
mne,2011,12.36
mne,2012,12.49
mne,2013,12.62
mne,2014,12.75
mne,2015,12.88
mng,1970,5.49
mng,1971,5.6
mng,1972,5.72
mng,1973,5.83
mng,1974,5.94
mng,1975,6.06
mng,1976,6.18
mng,1977,6.29
mng,1978,6.41
mng,1979,6.53
mng,1980,6.65
mng,1981,6.77
mng,1982,6.89
mng,1983,7.01
mng,1984,7.13
mng,1985,7.25
mng,1986,7.36
mng,1987,7.48
mng,1988,7.6
mng,1989,7.72
mng,1990,7.84
mng,1991,7.95
mng,1992,8.07
mng,1993,8.18
mng,1994,8.3
mng,1995,8.41
mng,1996,8.52
mng,1997,8.63
mng,1998,8.74
mng,1999,8.86
mng,2000,8.97
mng,2001,9.09
mng,2002,9.2
mng,2003,9.32
mng,2004,9.44
mng,2005,9.56
mng,2006,9.68
mng,2007,9.8
mng,2008,9.93
mng,2009,10.06
mng,2010,10.18
mng,2011,10.31
mng,2012,10.44
mng,2013,10.58
mng,2014,10.71
mng,2015,10.84
moz,1970,1.78
moz,1971,1.83
moz,1972,1.87
moz,1973,1.92
moz,1974,1.97
moz,1975,2.02
moz,1976,2.07
moz,1977,2.13
moz,1978,2.18
moz,1979,2.24
moz,1980,2.3
moz,1981,2.35
moz,1982,2.41
moz,1983,2.47
moz,1984,2.54
moz,1985,2.6
moz,1986,2.67
moz,1987,2.73
moz,1988,2.8
moz,1989,2.87
moz,1990,2.94
moz,1991,3.02
moz,1992,3.09
moz,1993,3.17
moz,1994,3.24
moz,1995,3.32
moz,1996,3.41
moz,1997,3.49
moz,1998,3.58
moz,1999,3.66
moz,2000,3.75
moz,2001,3.84
moz,2002,3.93
moz,2003,4.03
moz,2004,4.12
moz,2005,4.22
moz,2006,4.32
moz,2007,4.42
moz,2008,4.52
moz,2009,4.62
moz,2010,4.72
moz,2011,4.83
moz,2012,4.93
moz,2013,5.04
moz,2014,5.15
moz,2015,5.26
mrt,1970,2.4
mrt,1971,2.46
mrt,1972,2.52
mrt,1973,2.59
mrt,1974,2.65
mrt,1975,2.72
mrt,1976,2.79
mrt,1977,2.86
mrt,1978,2.93
mrt,1979,3
mrt,1980,3.08
mrt,1981,3.15
mrt,1982,3.23
mrt,1983,3.31
mrt,1984,3.39
mrt,1985,3.47
mrt,1986,3.56
mrt,1987,3.64
mrt,1988,3.73
mrt,1989,3.82
mrt,1990,3.91
mrt,1991,4
mrt,1992,4.09
mrt,1993,4.19
mrt,1994,4.28
mrt,1995,4.38
mrt,1996,4.48
mrt,1997,4.57
mrt,1998,4.67
mrt,1999,4.77
mrt,2000,4.87
mrt,2001,4.98
mrt,2002,5.08
mrt,2003,5.19
mrt,2004,5.29
mrt,2005,5.4
mrt,2006,5.51
mrt,2007,5.62
mrt,2008,5.73
mrt,2009,5.84
mrt,2010,5.95
mrt,2011,6.06
mrt,2012,6.18
mrt,2013,6.29
mrt,2014,6.41
mrt,2015,6.53
mus,1970,4.27
mus,1971,4.38
mus,1972,4.49
mus,1973,4.6
mus,1974,4.72
mus,1975,4.84
mus,1976,4.96
mus,1977,5.08
mus,1978,5.2
mus,1979,5.33
mus,1980,5.46
mus,1981,5.59
mus,1982,5.73
mus,1983,5.87
mus,1984,6.01
mus,1985,6.15
mus,1986,6.29
mus,1987,6.44
mus,1988,6.59
mus,1989,6.74
mus,1990,6.89
mus,1991,7.04
mus,1992,7.19
mus,1993,7.34
mus,1994,7.5
mus,1995,7.65
mus,1996,7.78
mus,1997,7.92
mus,1998,8.06
mus,1999,8.2
mus,2000,8.33
mus,2001,8.47
mus,2002,8.61
mus,2003,8.75
mus,2004,8.88
mus,2005,9.02
mus,2006,9.16
mus,2007,9.3
mus,2008,9.43
mus,2009,9.57
mus,2010,9.71
mus,2011,9.85
mus,2012,9.98
mus,2013,10.12
mus,2014,10.26
mus,2015,10.39
mwi,1970,2.89
mwi,1971,2.96
mwi,1972,3.03
mwi,1973,3.11
mwi,1974,3.19
mwi,1975,3.27
mwi,1976,3.35
mwi,1977,3.43
mwi,1978,3.52
mwi,1979,3.6
mwi,1980,3.69
mwi,1981,3.77
mwi,1982,3.86
mwi,1983,3.95
mwi,1984,4.04
mwi,1985,4.13
mwi,1986,4.23
mwi,1987,4.32
mwi,1988,4.41
mwi,1989,4.51
mwi,1990,4.6
mwi,1991,4.7
mwi,1992,4.79
mwi,1993,4.89
mwi,1994,4.98
mwi,1995,5.08
mwi,1996,5.16
mwi,1997,5.25
mwi,1998,5.34
mwi,1999,5.43
mwi,2000,5.53
mwi,2001,5.62
mwi,2002,5.72
mwi,2003,5.81
mwi,2004,5.91
mwi,2005,6.01
mwi,2006,6.11
mwi,2007,6.21
mwi,2008,6.32
mwi,2009,6.42
mwi,2010,6.53
mwi,2011,6.63
mwi,2012,6.74
mwi,2013,6.85
mwi,2014,6.96
mwi,2015,7.08
mys,1970,5.42
mys,1971,5.54
mys,1972,5.66
mys,1973,5.79
mys,1974,5.91
mys,1975,6.04
mys,1976,6.17
mys,1977,6.31
mys,1978,6.44
mys,1979,6.58
mys,1980,6.72
mys,1981,6.85
mys,1982,6.99
mys,1983,7.14
mys,1984,7.28
mys,1985,7.42
mys,1986,7.57
mys,1987,7.72
mys,1988,7.86
mys,1989,8.01
mys,1990,8.16
mys,1991,8.31
mys,1992,8.46
mys,1993,8.61
mys,1994,8.76
mys,1995,8.91
mys,1996,9.05
mys,1997,9.2
mys,1998,9.34
mys,1999,9.48
mys,2000,9.62
mys,2001,9.77
mys,2002,9.91
mys,2003,10.05
mys,2004,10.19
mys,2005,10.33
mys,2006,10.47
mys,2007,10.61
mys,2008,10.75
mys,2009,10.89
mys,2010,11.03
mys,2011,11.16
mys,2012,11.3
mys,2013,11.43
mys,2014,11.57
mys,2015,11.7
nam,1970,3.86
nam,1971,3.95
nam,1972,4.04
nam,1973,4.13
nam,1974,4.22
nam,1975,4.32
nam,1976,4.42
nam,1977,4.51
nam,1978,4.61
nam,1979,4.72
nam,1980,4.82
nam,1981,4.92
nam,1982,5.03
nam,1983,5.14
nam,1984,5.25
nam,1985,5.36
nam,1986,5.47
nam,1987,5.58
nam,1988,5.7
nam,1989,5.81
nam,1990,5.93
nam,1991,6.05
nam,1992,6.17
nam,1993,6.29
nam,1994,6.41
nam,1995,6.54
nam,1996,6.66
nam,1997,6.79
nam,1998,6.91
nam,1999,7.04
nam,2000,7.17
nam,2001,7.3
nam,2002,7.42
nam,2003,7.56
nam,2004,7.69
nam,2005,7.82
nam,2006,7.95
nam,2007,8.09
nam,2008,8.22
nam,2009,8.36
nam,2010,8.49
nam,2011,8.63
nam,2012,8.77
nam,2013,8.91
nam,2014,9.05
nam,2015,9.18
ner,1970,0.9
ner,1971,0.93
ner,1972,0.95
ner,1973,0.98
ner,1974,1.01
ner,1975,1.03
ner,1976,1.06
ner,1977,1.09
ner,1978,1.12
ner,1979,1.15
ner,1980,1.18
ner,1981,1.21
ner,1982,1.25
ner,1983,1.28
ner,1984,1.32
ner,1985,1.35
ner,1986,1.39
ner,1987,1.43
ner,1988,1.46
ner,1989,1.5
ner,1990,1.54
ner,1991,1.59
ner,1992,1.63
ner,1993,1.67
ner,1994,1.72
ner,1995,1.76
ner,1996,1.81
ner,1997,1.85
ner,1998,1.9
ner,1999,1.95
ner,2000,2
ner,2001,2.05
ner,2002,2.1
ner,2003,2.16
ner,2004,2.21
ner,2005,2.27
ner,2006,2.32
ner,2007,2.38
ner,2008,2.44
ner,2009,2.5
ner,2010,2.56
ner,2011,2.63
ner,2012,2.69
ner,2013,2.76
ner,2014,2.82
ner,2015,2.89
nga,1970,3.7
nga,1971,3.79
nga,1972,3.88
nga,1973,3.97
nga,1974,4.07
nga,1975,4.17
nga,1976,4.27
nga,1977,4.37
nga,1978,4.47
nga,1979,4.57
nga,1980,4.68
nga,1981,4.79
nga,1982,4.9
nga,1983,5.01
nga,1984,5.13
nga,1985,5.24
nga,1986,5.36
nga,1987,5.48
nga,1988,5.6
nga,1989,5.72
nga,1990,5.85
nga,1991,5.97
nga,1992,6.1
nga,1993,6.23
nga,1994,6.36
nga,1995,6.49
nga,1996,6.62
nga,1997,6.75
nga,1998,6.88
nga,1999,7.01
nga,2000,7.14
nga,2001,7.28
nga,2002,7.41
nga,2003,7.54
nga,2004,7.67
nga,2005,7.81
nga,2006,7.94
nga,2007,8.07
nga,2008,8.21
nga,2009,8.34
nga,2010,8.47
nga,2011,8.61
nga,2012,8.74
nga,2013,8.87
nga,2014,9
nga,2015,9.14
nic,1970,3.25
nic,1971,3.32
nic,1972,3.4
nic,1973,3.48
nic,1974,3.56
nic,1975,3.64
nic,1976,3.73
nic,1977,3.81
nic,1978,3.9
nic,1979,3.99
nic,1980,4.08
nic,1981,4.17
nic,1982,4.26
nic,1983,4.35
nic,1984,4.45
nic,1985,4.55
nic,1986,4.65
nic,1987,4.74
nic,1988,4.85
nic,1989,4.95
nic,1990,5.05
nic,1991,5.16
nic,1992,5.26
nic,1993,5.37
nic,1994,5.48
nic,1995,5.59
nic,1996,5.7
nic,1997,5.81
nic,1998,5.92
nic,1999,6.03
nic,2000,6.15
nic,2001,6.27
nic,2002,6.38
nic,2003,6.5
nic,2004,6.62
nic,2005,6.75
nic,2006,6.87
nic,2007,7
nic,2008,7.12
nic,2009,7.25
nic,2010,7.38
nic,2011,7.51
nic,2012,7.64
nic,2013,7.77
nic,2014,7.9
nic,2015,8.04
nld,1970,8.62
nld,1971,8.76
nld,1972,8.91
nld,1973,9.05
nld,1974,9.2
nld,1975,9.34
nld,1976,9.49
nld,1977,9.63
nld,1978,9.78
nld,1979,9.93
nld,1980,10.07
nld,1981,10.22
nld,1982,10.37
nld,1983,10.51
nld,1984,10.66
nld,1985,10.81
nld,1986,10.95
nld,1987,11.1
nld,1988,11.24
nld,1989,11.39
nld,1990,11.53
nld,1991,11.67
nld,1992,11.81
nld,1993,11.95
nld,1994,12.09
nld,1995,12.23
nld,1996,12.35
nld,1997,12.47
nld,1998,12.6
nld,1999,12.72
nld,2000,12.84
nld,2001,12.96
nld,2002,13.08
nld,2003,13.2
nld,2004,13.32
nld,2005,13.43
nld,2006,13.55
nld,2007,13.67
nld,2008,13.78
nld,2009,13.9
nld,2010,14.01
nld,2011,14.12
nld,2012,14.23
nld,2013,14.34
nld,2014,14.45
nld,2015,14.56
nor,1970,8.95
nor,1971,9.09
nor,1972,9.23
nor,1973,9.37
nor,1974,9.51
nor,1975,9.66
nor,1976,9.8
nor,1977,9.94
nor,1978,10.08
nor,1979,10.23
nor,1980,10.37
nor,1981,10.51
nor,1982,10.66
nor,1983,10.8
nor,1984,10.94
nor,1985,11.08
nor,1986,11.22
nor,1987,11.37
nor,1988,11.51
nor,1989,11.65
nor,1990,11.79
nor,1991,11.93
nor,1992,12.07
nor,1993,12.2
nor,1994,12.34
nor,1995,12.48
nor,1996,12.61
nor,1997,12.75
nor,1998,12.88
nor,1999,13.01
nor,2000,13.14
nor,2001,13.27
nor,2002,13.4
nor,2003,13.52
nor,2004,13.65
nor,2005,13.77
nor,2006,13.89
nor,2007,14.01
nor,2008,14.12
nor,2009,14.24
nor,2010,14.36
nor,2011,14.47
nor,2012,14.58
nor,2013,14.69
nor,2014,14.8
nor,2015,14.9
npl,1970,2.69
npl,1971,2.75
npl,1972,2.82
npl,1973,2.89
npl,1974,2.96
npl,1975,3.04
npl,1976,3.11
npl,1977,3.19
npl,1978,3.26
npl,1979,3.34
npl,1980,3.42
npl,1981,3.51
npl,1982,3.59
npl,1983,3.68
npl,1984,3.76
npl,1985,3.85
npl,1986,3.94
npl,1987,4.03
npl,1988,4.13
npl,1989,4.22
npl,1990,4.32
npl,1991,4.42
npl,1992,4.52
npl,1993,4.62
npl,1994,4.72
npl,1995,4.83
npl,1996,4.93
npl,1997,5.04
npl,1998,5.15
npl,1999,5.26
npl,2000,5.37
npl,2001,5.49
npl,2002,5.6
npl,2003,5.72
npl,2004,5.83
npl,2005,5.95
npl,2006,6.07
npl,2007,6.19
npl,2008,6.31
npl,2009,6.43
npl,2010,6.56
npl,2011,6.68
npl,2012,6.81
npl,2013,6.93
npl,2014,7.06
npl,2015,7.19
nzl,1970,8.62
nzl,1971,8.76
nzl,1972,8.9
nzl,1973,9.04
nzl,1974,9.19
nzl,1975,9.33
nzl,1976,9.47
nzl,1977,9.61
nzl,1978,9.75
nzl,1979,9.9
nzl,1980,10.04
nzl,1981,10.18
nzl,1982,10.33
nzl,1983,10.47
nzl,1984,10.61
nzl,1985,10.75
nzl,1986,10.89
nzl,1987,11.03
nzl,1988,11.17
nzl,1989,11.3
nzl,1990,11.43
nzl,1991,11.56
nzl,1992,11.69
nzl,1993,11.82
nzl,1994,11.95
nzl,1995,12.07
nzl,1996,12.19
nzl,1997,12.31
nzl,1998,12.43
nzl,1999,12.55
nzl,2000,12.67
nzl,2001,12.79
nzl,2002,12.91
nzl,2003,13.03
nzl,2004,13.15
nzl,2005,13.27
nzl,2006,13.39
nzl,2007,13.51
nzl,2008,13.63
nzl,2009,13.75
nzl,2010,13.86
nzl,2011,13.98
nzl,2012,14.09
nzl,2013,14.21
nzl,2014,14.32
nzl,2015,14.43
omn,1970,4.14
omn,1971,4.24
omn,1972,4.33
omn,1973,4.43
omn,1974,4.53
omn,1975,4.63
omn,1976,4.73
omn,1977,4.83
omn,1978,4.94
omn,1979,5.05
omn,1980,5.15
omn,1981,5.26
omn,1982,5.38
omn,1983,5.49
omn,1984,5.6
omn,1985,5.72
omn,1986,5.84
omn,1987,5.96
omn,1988,6.08
omn,1989,6.2
omn,1990,6.32
omn,1991,6.45
omn,1992,6.57
omn,1993,6.7
omn,1994,6.83
omn,1995,6.96
omn,1996,7.08
omn,1997,7.21
omn,1998,7.34
omn,1999,7.48
omn,2000,7.61
omn,2001,7.74
omn,2002,7.87
omn,2003,8.01
omn,2004,8.14
omn,2005,8.28
omn,2006,8.42
omn,2007,8.56
omn,2008,8.69
omn,2009,8.83
omn,2010,8.97
omn,2011,9.11
omn,2012,9.25
omn,2013,9.39
omn,2014,9.53
omn,2015,9.67
pak,1970,2.52
pak,1971,2.59
pak,1972,2.66
pak,1973,2.73
pak,1974,2.81
pak,1975,2.89
pak,1976,2.97
pak,1977,3.05
pak,1978,3.14
pak,1979,3.23
pak,1980,3.32
pak,1981,3.41
pak,1982,3.51
pak,1983,3.61
pak,1984,3.71
pak,1985,3.82
pak,1986,3.93
pak,1987,4.04
pak,1988,4.15
pak,1989,4.27
pak,1990,4.39
pak,1991,4.52
pak,1992,4.65
pak,1993,4.78
pak,1994,4.91
pak,1995,5.05
pak,1996,5.17
pak,1997,5.29
pak,1998,5.42
pak,1999,5.54
pak,2000,5.66
pak,2001,5.78
pak,2002,5.91
pak,2003,6.03
pak,2004,6.16
pak,2005,6.28
pak,2006,6.4
pak,2007,6.53
pak,2008,6.66
pak,2009,6.78
pak,2010,6.91
pak,2011,7.04
pak,2012,7.16
pak,2013,7.29
pak,2014,7.42
pak,2015,7.55
pan,1970,5.77
pan,1971,5.88
pan,1972,6
pan,1973,6.12
pan,1974,6.24
pan,1975,6.36
pan,1976,6.48
pan,1977,6.61
pan,1978,6.73
pan,1979,6.86
pan,1980,6.98
pan,1981,7.11
pan,1982,7.23
pan,1983,7.36
pan,1984,7.49
pan,1985,7.62
pan,1986,7.74
pan,1987,7.87
pan,1988,8
pan,1989,8.13
pan,1990,8.26
pan,1991,8.38
pan,1992,8.51
pan,1993,8.63
pan,1994,8.76
pan,1995,8.88
pan,1996,9
pan,1997,9.12
pan,1998,9.25
pan,1999,9.37
pan,2000,9.5
pan,2001,9.62
pan,2002,9.75
pan,2003,9.88
pan,2004,10
pan,2005,10.13
pan,2006,10.26
pan,2007,10.39
pan,2008,10.52
pan,2009,10.65
pan,2010,10.78
pan,2011,10.91
pan,2012,11.04
pan,2013,11.17
pan,2014,11.31
pan,2015,11.44
per,1970,6.32
per,1971,6.45
per,1972,6.58
per,1973,6.71
per,1974,6.84
per,1975,6.97
per,1976,7.11
per,1977,7.24
per,1978,7.37
per,1979,7.5
per,1980,7.64
per,1981,7.77
per,1982,7.9
per,1983,8.03
per,1984,8.17
per,1985,8.3
per,1986,8.43
per,1987,8.56
per,1988,8.69
per,1989,8.82
per,1990,8.95
per,1991,9.08
per,1992,9.2
per,1993,9.32
per,1994,9.44
per,1995,9.56
per,1996,9.68
per,1997,9.8
per,1998,9.92
per,1999,10.04
per,2000,10.16
per,2001,10.28
per,2002,10.4
per,2003,10.52
per,2004,10.64
per,2005,10.77
per,2006,10.89
per,2007,11.02
per,2008,11.14
per,2009,11.27
per,2010,11.39
per,2011,11.52
per,2012,11.64
per,2013,11.77
per,2014,11.89
per,2015,12.02
phl,1970,5.95
phl,1971,6.07
phl,1972,6.19
phl,1973,6.31
phl,1974,6.43
phl,1975,6.55
phl,1976,6.67
phl,1977,6.79
phl,1978,6.9
phl,1979,7.02
phl,1980,7.14
phl,1981,7.26
phl,1982,7.37
phl,1983,7.49
phl,1984,7.6
phl,1985,7.71
phl,1986,7.82
phl,1987,7.93
phl,1988,8.04
phl,1989,8.15
phl,1990,8.25
phl,1991,8.35
phl,1992,8.46
phl,1993,8.55
phl,1994,8.65
phl,1995,8.75
phl,1996,8.84
phl,1997,8.94
phl,1998,9.03
phl,1999,9.13
phl,2000,9.23
phl,2001,9.33
phl,2002,9.43
phl,2003,9.53
phl,2004,9.64
phl,2005,9.75
phl,2006,9.85
phl,2007,9.97
phl,2008,10.08
phl,2009,10.19
phl,2010,10.31
phl,2011,10.43
phl,2012,10.55
phl,2013,10.67
phl,2014,10.79
phl,2015,10.91
png,1970,3.36
png,1971,3.44
png,1972,3.52
png,1973,3.6
png,1974,3.69
png,1975,3.77
png,1976,3.86
png,1977,3.94
png,1978,4.03
png,1979,4.12
png,1980,4.21
png,1981,4.31
png,1982,4.4
png,1983,4.5
png,1984,4.6
png,1985,4.7
png,1986,4.8
png,1987,4.9
png,1988,5
png,1989,5.11
png,1990,5.21
png,1991,5.32
png,1992,5.43
png,1993,5.54
png,1994,5.65
png,1995,5.77
png,1996,5.88
png,1997,5.99
png,1998,6.11
png,1999,6.23
png,2000,6.35
png,2001,6.47
png,2002,6.59
png,2003,6.72
png,2004,6.84
png,2005,6.97
png,2006,7.09
png,2007,7.22
png,2008,7.35
png,2009,7.48
png,2010,7.61
png,2011,7.74
png,2012,7.88
png,2013,8.01
png,2014,8.15
png,2015,8.28
pol,1970,8.77
pol,1971,8.91
pol,1972,9.04
pol,1973,9.18
pol,1974,9.31
pol,1975,9.45
pol,1976,9.58
pol,1977,9.71
pol,1978,9.84
pol,1979,9.96
pol,1980,10.09
pol,1981,10.21
pol,1982,10.34
pol,1983,10.46
pol,1984,10.58
pol,1985,10.69
pol,1986,10.81
pol,1987,10.93
pol,1988,11.04
pol,1989,11.15
pol,1990,11.26
pol,1991,11.37
pol,1992,11.47
pol,1993,11.58
pol,1994,11.68
pol,1995,11.78
pol,1996,11.89
pol,1997,12
pol,1998,12.11
pol,1999,12.22
pol,2000,12.34
pol,2001,12.45
pol,2002,12.56
pol,2003,12.68
pol,2004,12.79
pol,2005,12.91
pol,2006,13.02
pol,2007,13.14
pol,2008,13.25
pol,2009,13.37
pol,2010,13.48
pol,2011,13.59
pol,2012,13.71
pol,2013,13.82
pol,2014,13.93
pol,2015,14.05
prk,1970,6.43
prk,1971,6.55
prk,1972,6.67
prk,1973,6.8
prk,1974,6.93
prk,1975,7.06
prk,1976,7.18
prk,1977,7.31
prk,1978,7.45
prk,1979,7.58
prk,1980,7.71
prk,1981,7.84
prk,1982,7.98
prk,1983,8.11
prk,1984,8.25
prk,1985,8.39
prk,1986,8.52
prk,1987,8.66
prk,1988,8.8
prk,1989,8.94
prk,1990,9.08
prk,1991,9.22
prk,1992,9.36
prk,1993,9.5
prk,1994,9.64
prk,1995,9.78
prk,1996,9.92
prk,1997,10.06
prk,1998,10.2
prk,1999,10.34
prk,2000,10.48
prk,2001,10.62
prk,2002,10.76
prk,2003,10.9
prk,2004,11.03
prk,2005,11.17
prk,2006,11.31
prk,2007,11.45
prk,2008,11.58
prk,2009,11.72
prk,2010,11.86
prk,2011,11.99
prk,2012,12.13
prk,2013,12.26
prk,2014,12.39
prk,2015,12.52
prt,1970,4.84
prt,1971,4.93
prt,1972,5.03
prt,1973,5.13
prt,1974,5.24
prt,1975,5.34
prt,1976,5.44
prt,1977,5.55
prt,1978,5.65
prt,1979,5.76
prt,1980,5.87
prt,1981,5.98
prt,1982,6.09
prt,1983,6.2
prt,1984,6.32
prt,1985,6.43
prt,1986,6.55
prt,1987,6.67
prt,1988,6.78
prt,1989,6.91
prt,1990,7.03
prt,1991,7.15
prt,1992,7.28
prt,1993,7.4
prt,1994,7.53
prt,1995,7.66
prt,1996,7.8
prt,1997,7.94
prt,1998,8.08
prt,1999,8.22
prt,2000,8.36
prt,2001,8.51
prt,2002,8.65
prt,2003,8.79
prt,2004,8.93
prt,2005,9.08
prt,2006,9.22
prt,2007,9.37
prt,2008,9.51
prt,2009,9.66
prt,2010,9.8
prt,2011,9.95
prt,2012,10.09
prt,2013,10.24
prt,2014,10.38
prt,2015,10.52
pry,1970,4.17
pry,1971,4.26
pry,1972,4.36
pry,1973,4.45
pry,1974,4.55
pry,1975,4.65
pry,1976,4.75
pry,1977,4.86
pry,1978,4.96
pry,1979,5.06
pry,1980,5.17
pry,1981,5.28
pry,1982,5.38
pry,1983,5.49
pry,1984,5.6
pry,1985,5.71
pry,1986,5.82
pry,1987,5.93
pry,1988,6.04
pry,1989,6.15
pry,1990,6.26
pry,1991,6.37
pry,1992,6.48
pry,1993,6.59
pry,1994,6.7
pry,1995,6.81
pry,1996,6.92
pry,1997,7.03
pry,1998,7.14
pry,1999,7.26
pry,2000,7.37
pry,2001,7.49
pry,2002,7.61
pry,2003,7.73
pry,2004,7.85
pry,2005,7.97
pry,2006,8.09
pry,2007,8.22
pry,2008,8.34
pry,2009,8.47
pry,2010,8.6
pry,2011,8.73
pry,2012,8.86
pry,2013,8.99
pry,2014,9.13
pry,2015,9.26
pse,1970,5.71
pse,1971,5.83
pse,1972,5.95
pse,1973,6.07
pse,1974,6.19
pse,1975,6.31
pse,1976,6.43
pse,1977,6.55
pse,1978,6.68
pse,1979,6.81
pse,1980,6.93
pse,1981,7.06
pse,1982,7.19
pse,1983,7.32
pse,1984,7.45
pse,1985,7.58
pse,1986,7.71
pse,1987,7.84
pse,1988,7.97
pse,1989,8.11
pse,1990,8.24
pse,1991,8.37
pse,1992,8.5
pse,1993,8.63
pse,1994,8.76
pse,1995,8.89
pse,1996,9.02
pse,1997,9.14
pse,1998,9.26
pse,1999,9.39
pse,2000,9.51
pse,2001,9.64
pse,2002,9.76
pse,2003,9.89
pse,2004,10.02
pse,2005,10.15
pse,2006,10.28
pse,2007,10.4
pse,2008,10.53
pse,2009,10.66
pse,2010,10.79
pse,2011,10.93
pse,2012,11.06
pse,2013,11.19
pse,2014,11.32
pse,2015,11.45
qat,1970,3.74
qat,1971,3.82
qat,1972,3.91
qat,1973,4
qat,1974,4.09
qat,1975,4.18
qat,1976,4.28
qat,1977,4.37
qat,1978,4.47
qat,1979,4.57
qat,1980,4.67
qat,1981,4.77
qat,1982,4.87
qat,1983,4.98
qat,1984,5.08
qat,1985,5.19
qat,1986,5.3
qat,1987,5.41
qat,1988,5.52
qat,1989,5.63
qat,1990,5.74
qat,1991,5.86
qat,1992,5.97
qat,1993,6.09
qat,1994,6.21
qat,1995,6.33
qat,1996,6.44
qat,1997,6.55
qat,1998,6.67
qat,1999,6.79
qat,2000,6.91
qat,2001,7.03
qat,2002,7.15
qat,2003,7.27
qat,2004,7.4
qat,2005,7.52
qat,2006,7.65
qat,2007,7.78
qat,2008,7.91
qat,2009,8.04
qat,2010,8.17
qat,2011,8.3
qat,2012,8.43
qat,2013,8.57
qat,2014,8.7
qat,2015,8.84
rou,1970,7.97
rou,1971,8.12
rou,1972,8.27
rou,1973,8.42
rou,1974,8.57
rou,1975,8.72
rou,1976,8.87
rou,1977,9.02
rou,1978,9.17
rou,1979,9.31
rou,1980,9.45
rou,1981,9.6
rou,1982,9.74
rou,1983,9.88
rou,1984,10.01
rou,1985,10.15
rou,1986,10.28
rou,1987,10.42
rou,1988,10.55
rou,1989,10.67
rou,1990,10.8
rou,1991,10.92
rou,1992,11.03
rou,1993,11.14
rou,1994,11.24
rou,1995,11.34
rou,1996,11.44
rou,1997,11.54
rou,1998,11.65
rou,1999,11.75
rou,2000,11.86
rou,2001,11.97
rou,2002,12.08
rou,2003,12.19
rou,2004,12.3
rou,2005,12.42
rou,2006,12.53
rou,2007,12.64
rou,2008,12.76
rou,2009,12.87
rou,2010,12.99
rou,2011,13.11
rou,2012,13.22
rou,2013,13.34
rou,2014,13.45
rou,2015,13.57
rus,1970,8.46
rus,1971,8.6
rus,1972,8.74
rus,1973,8.88
rus,1974,9.02
rus,1975,9.16
rus,1976,9.3
rus,1977,9.44
rus,1978,9.58
rus,1979,9.72
rus,1980,9.85
rus,1981,9.99
rus,1982,10.12
rus,1983,10.25
rus,1984,10.38
rus,1985,10.51
rus,1986,10.64
rus,1987,10.76
rus,1988,10.88
rus,1989,11
rus,1990,11.12
rus,1991,11.24
rus,1992,11.35
rus,1993,11.46
rus,1994,11.57
rus,1995,11.68
rus,1996,11.79
rus,1997,11.89
rus,1998,12
rus,1999,12.11
rus,2000,12.22
rus,2001,12.33
rus,2002,12.44
rus,2003,12.55
rus,2004,12.66
rus,2005,12.77
rus,2006,12.88
rus,2007,13
rus,2008,13.11
rus,2009,13.23
rus,2010,13.34
rus,2011,13.46
rus,2012,13.57
rus,2013,13.68
rus,2014,13.8
rus,2015,13.91
rwa,1970,2.28
rwa,1971,2.34
rwa,1972,2.4
rwa,1973,2.46
rwa,1974,2.52
rwa,1975,2.59
rwa,1976,2.65
rwa,1977,2.72
rwa,1978,2.78
rwa,1979,2.85
rwa,1980,2.92
rwa,1981,2.99
rwa,1982,3.07
rwa,1983,3.14
rwa,1984,3.22
rwa,1985,3.3
rwa,1986,3.38
rwa,1987,3.46
rwa,1988,3.54
rwa,1989,3.62
rwa,1990,3.7
rwa,1991,3.79
rwa,1992,3.88
rwa,1993,3.97
rwa,1994,4.06
rwa,1995,4.15
rwa,1996,4.24
rwa,1997,4.33
rwa,1998,4.42
rwa,1999,4.51
rwa,2000,4.61
rwa,2001,4.7
rwa,2002,4.8
rwa,2003,4.9
rwa,2004,5
rwa,2005,5.1
rwa,2006,5.2
rwa,2007,5.31
rwa,2008,5.41
rwa,2009,5.52
rwa,2010,5.63
rwa,2011,5.74
rwa,2012,5.85
rwa,2013,5.97
rwa,2014,6.08
rwa,2015,6.2
sau,1970,6.24
sau,1971,6.36
sau,1972,6.49
sau,1973,6.62
sau,1974,6.75
sau,1975,6.88
sau,1976,7.01
sau,1977,7.14
sau,1978,7.27
sau,1979,7.41
sau,1980,7.55
sau,1981,7.68
sau,1982,7.82
sau,1983,7.96
sau,1984,8.1
sau,1985,8.25
sau,1986,8.39
sau,1987,8.53
sau,1988,8.68
sau,1989,8.82
sau,1990,8.97
sau,1991,9.11
sau,1992,9.26
sau,1993,9.4
sau,1994,9.55
sau,1995,9.7
sau,1996,9.84
sau,1997,9.99
sau,1998,10.13
sau,1999,10.27
sau,2000,10.42
sau,2001,10.56
sau,2002,10.7
sau,2003,10.84
sau,2004,10.98
sau,2005,11.12
sau,2006,11.26
sau,2007,11.4
sau,2008,11.54
sau,2009,11.67
sau,2010,11.81
sau,2011,11.94
sau,2012,12.07
sau,2013,12.21
sau,2014,12.34
sau,2015,12.47
sdn,1970,3.79
sdn,1971,3.87
sdn,1972,3.95
sdn,1973,4.03
sdn,1974,4.11
sdn,1975,4.19
sdn,1976,4.28
sdn,1977,4.36
sdn,1978,4.44
sdn,1979,4.52
sdn,1980,4.6
sdn,1981,4.69
sdn,1982,4.77
sdn,1983,4.85
sdn,1984,4.93
sdn,1985,5
sdn,1986,5.08
sdn,1987,5.16
sdn,1988,5.23
sdn,1989,5.3
sdn,1990,5.38
sdn,1991,5.44
sdn,1992,5.51
sdn,1993,5.58
sdn,1994,5.64
sdn,1995,5.7
sdn,1996,5.77
sdn,1997,5.84
sdn,1998,5.91
sdn,1999,5.98
sdn,2000,6.06
sdn,2001,6.15
sdn,2002,6.23
sdn,2003,6.32
sdn,2004,6.41
sdn,2005,6.5
sdn,2006,6.6
sdn,2007,6.69
sdn,2008,6.79
sdn,2009,6.9
sdn,2010,7
sdn,2011,7.11
sdn,2012,7.22
sdn,2013,7.33
sdn,2014,7.44
sdn,2015,7.56
sen,1970,1.74
sen,1971,1.79
sen,1972,1.83
sen,1973,1.88
sen,1974,1.93
sen,1975,1.98
sen,1976,2.03
sen,1977,2.08
sen,1978,2.13
sen,1979,2.18
sen,1980,2.24
sen,1981,2.29
sen,1982,2.35
sen,1983,2.41
sen,1984,2.47
sen,1985,2.53
sen,1986,2.59
sen,1987,2.65
sen,1988,2.72
sen,1989,2.78
sen,1990,2.85
sen,1991,2.92
sen,1992,2.99
sen,1993,3.06
sen,1994,3.13
sen,1995,3.2
sen,1996,3.27
sen,1997,3.34
sen,1998,3.42
sen,1999,3.49
sen,2000,3.57
sen,2001,3.65
sen,2002,3.73
sen,2003,3.81
sen,2004,3.89
sen,2005,3.97
sen,2006,4.06
sen,2007,4.15
sen,2008,4.24
sen,2009,4.33
sen,2010,4.42
sen,2011,4.51
sen,2012,4.61
sen,2013,4.71
sen,2014,4.8
sen,2015,4.9
sgp,1970,6.59
sgp,1971,6.72
sgp,1972,6.86
sgp,1973,6.99
sgp,1974,7.13
sgp,1975,7.27
sgp,1976,7.42
sgp,1977,7.56
sgp,1978,7.71
sgp,1979,7.86
sgp,1980,8.02
sgp,1981,8.17
sgp,1982,8.33
sgp,1983,8.49
sgp,1984,8.66
sgp,1985,8.83
sgp,1986,9
sgp,1987,9.17
sgp,1988,9.35
sgp,1989,9.53
sgp,1990,9.71
sgp,1991,9.9
sgp,1992,10.09
sgp,1993,10.29
sgp,1994,10.49
sgp,1995,10.7
sgp,1996,10.91
sgp,1997,11.11
sgp,1998,11.3
sgp,1999,11.49
sgp,2000,11.68
sgp,2001,11.86
sgp,2002,12.03
sgp,2003,12.2
sgp,2004,12.37
sgp,2005,12.53
sgp,2006,12.69
sgp,2007,12.85
sgp,2008,13
sgp,2009,13.15
sgp,2010,13.29
sgp,2011,13.44
sgp,2012,13.58
sgp,2013,13.71
sgp,2014,13.85
sgp,2015,13.98
slb,1970,3.14
slb,1971,3.22
slb,1972,3.3
slb,1973,3.39
slb,1974,3.48
slb,1975,3.56
slb,1976,3.65
slb,1977,3.75
slb,1978,3.84
slb,1979,3.94
slb,1980,4.04
slb,1981,4.15
slb,1982,4.25
slb,1983,4.36
slb,1984,4.47
slb,1985,4.59
slb,1986,4.71
slb,1987,4.83
slb,1988,4.96
slb,1989,5.09
slb,1990,5.23
slb,1991,5.37
slb,1992,5.51
slb,1993,5.66
slb,1994,5.82
slb,1995,5.98
slb,1996,6.13
slb,1997,6.28
slb,1998,6.43
slb,1999,6.58
slb,2000,6.72
slb,2001,6.87
slb,2002,7.02
slb,2003,7.17
slb,2004,7.31
slb,2005,7.46
slb,2006,7.61
slb,2007,7.75
slb,2008,7.9
slb,2009,8.05
slb,2010,8.19
slb,2011,8.34
slb,2012,8.48
slb,2013,8.63
slb,2014,8.78
slb,2015,8.92
sle,1970,1.35
sle,1971,1.39
sle,1972,1.44
sle,1973,1.48
sle,1974,1.53
sle,1975,1.58
sle,1976,1.63
sle,1977,1.68
sle,1978,1.74
sle,1979,1.8
sle,1980,1.86
sle,1981,1.92
sle,1982,1.98
sle,1983,2.05
sle,1984,2.12
sle,1985,2.19
sle,1986,2.26
sle,1987,2.34
sle,1988,2.42
sle,1989,2.5
sle,1990,2.58
sle,1991,2.67
sle,1992,2.76
sle,1993,2.85
sle,1994,2.94
sle,1995,3.03
sle,1996,3.1
sle,1997,3.19
sle,1998,3.27
sle,1999,3.35
sle,2000,3.43
sle,2001,3.52
sle,2002,3.6
sle,2003,3.69
sle,2004,3.78
sle,2005,3.87
sle,2006,3.96
sle,2007,4.05
sle,2008,4.15
sle,2009,4.24
sle,2010,4.34
sle,2011,4.44
sle,2012,4.54
sle,2013,4.64
sle,2014,4.74
sle,2015,4.85
slv,1970,3.43
slv,1971,3.53
slv,1972,3.62
slv,1973,3.72
slv,1974,3.82
slv,1975,3.93
slv,1976,4.04
slv,1977,4.15
slv,1978,4.26
slv,1979,4.38
slv,1980,4.5
slv,1981,4.63
slv,1982,4.76
slv,1983,4.89
slv,1984,5.02
slv,1985,5.16
slv,1986,5.3
slv,1987,5.44
slv,1988,5.59
slv,1989,5.74
slv,1990,5.89
slv,1991,6.05
slv,1992,6.2
slv,1993,6.36
slv,1994,6.51
slv,1995,6.66
slv,1996,6.79
slv,1997,6.92
slv,1998,7.05
slv,1999,7.18
slv,2000,7.31
slv,2001,7.44
slv,2002,7.57
slv,2003,7.7
slv,2004,7.83
slv,2005,7.97
slv,2006,8.1
slv,2007,8.24
slv,2008,8.37
slv,2009,8.51
slv,2010,8.65
slv,2011,8.78
slv,2012,8.92
slv,2013,9.06
slv,2014,9.2
slv,2015,9.34
som,1970,1.3
som,1971,1.34
som,1972,1.37
som,1973,1.41
som,1974,1.44
som,1975,1.48
som,1976,1.52
som,1977,1.56
som,1978,1.6
som,1979,1.64
som,1980,1.68
som,1981,1.73
som,1982,1.77
som,1983,1.82
som,1984,1.86
som,1985,1.91
som,1986,1.96
som,1987,2.01
som,1988,2.06
som,1989,2.11
som,1990,2.17
som,1991,2.22
som,1992,2.27
som,1993,2.33
som,1994,2.39
som,1995,2.45
som,1996,2.51
som,1997,2.57
som,1998,2.63
som,1999,2.7
som,2000,2.76
som,2001,2.83
som,2002,2.9
som,2003,2.97
som,2004,3.04
som,2005,3.11
som,2006,3.18
som,2007,3.26
som,2008,3.34
som,2009,3.41
som,2010,3.49
som,2011,3.58
som,2012,3.66
som,2013,3.74
som,2014,3.83
som,2015,3.92
srb,1970,6.37
srb,1971,6.49
srb,1972,6.61
srb,1973,6.74
srb,1974,6.86
srb,1975,6.99
srb,1976,7.12
srb,1977,7.25
srb,1978,7.38
srb,1979,7.51
srb,1980,7.64
srb,1981,7.77
srb,1982,7.91
srb,1983,8.04
srb,1984,8.18
srb,1985,8.31
srb,1986,8.45
srb,1987,8.59
srb,1988,8.73
srb,1989,8.86
srb,1990,9
srb,1991,9.14
srb,1992,9.28
srb,1993,9.42
srb,1994,9.56
srb,1995,9.71
srb,1996,9.85
srb,1997,9.99
srb,1998,10.14
srb,1999,10.28
srb,2000,10.43
srb,2001,10.57
srb,2002,10.71
srb,2003,10.86
srb,2004,11
srb,2005,11.14
srb,2006,11.28
srb,2007,11.43
srb,2008,11.57
srb,2009,11.71
srb,2010,11.84
srb,2011,11.98
srb,2012,12.12
srb,2013,12.25
srb,2014,12.39
srb,2015,12.52
ssd,1970,1.06
ssd,1971,1.09
ssd,1972,1.12
ssd,1973,1.15
ssd,1974,1.18
ssd,1975,1.21
ssd,1976,1.24
ssd,1977,1.27
ssd,1978,1.31
ssd,1979,1.34
ssd,1980,1.38
ssd,1981,1.41
ssd,1982,1.45
ssd,1983,1.49
ssd,1984,1.53
ssd,1985,1.57
ssd,1986,1.61
ssd,1987,1.65
ssd,1988,1.69
ssd,1989,1.74
ssd,1990,1.78
ssd,1991,1.83
ssd,1992,1.87
ssd,1993,1.92
ssd,1994,1.97
ssd,1995,2.02
ssd,1996,2.07
ssd,1997,2.12
ssd,1998,2.18
ssd,1999,2.23
ssd,2000,2.29
ssd,2001,2.34
ssd,2002,2.4
ssd,2003,2.46
ssd,2004,2.52
ssd,2005,2.59
ssd,2006,2.65
ssd,2007,2.71
ssd,2008,2.78
ssd,2009,2.85
ssd,2010,2.92
ssd,2011,2.99
ssd,2012,3.06
ssd,2013,3.13
ssd,2014,3.21
ssd,2015,3.29
stp,1970,2.9
stp,1971,2.97
stp,1972,3.04
stp,1973,3.12
stp,1974,3.19
stp,1975,3.27
stp,1976,3.35
stp,1977,3.43
stp,1978,3.52
stp,1979,3.6
stp,1980,3.69
stp,1981,3.78
stp,1982,3.87
stp,1983,3.96
stp,1984,4.05
stp,1985,4.15
stp,1986,4.24
stp,1987,4.34
stp,1988,4.44
stp,1989,4.54
stp,1990,4.65
stp,1991,4.75
stp,1992,4.86
stp,1993,4.97
stp,1994,5.08
stp,1995,5.19
stp,1996,5.3
stp,1997,5.42
stp,1998,5.53
stp,1999,5.65
stp,2000,5.77
stp,2001,5.88
stp,2002,6
stp,2003,6.12
stp,2004,6.25
stp,2005,6.37
stp,2006,6.49
stp,2007,6.62
stp,2008,6.74
stp,2009,6.87
stp,2010,6.99
stp,2011,7.12
stp,2012,7.25
stp,2013,7.38
stp,2014,7.51
stp,2015,7.64
sur,1970,4.39
sur,1971,4.48
sur,1972,4.58
sur,1973,4.68
sur,1974,4.78
sur,1975,4.89
sur,1976,4.99
sur,1977,5.1
sur,1978,5.21
sur,1979,5.32
sur,1980,5.43
sur,1981,5.54
sur,1982,5.65
sur,1983,5.77
sur,1984,5.88
sur,1985,6
sur,1986,6.12
sur,1987,6.24
sur,1988,6.36
sur,1989,6.49
sur,1990,6.61
sur,1991,6.74
sur,1992,6.86
sur,1993,6.99
sur,1994,7.12
sur,1995,7.25
sur,1996,7.38
sur,1997,7.52
sur,1998,7.65
sur,1999,7.79
sur,2000,7.92
sur,2001,8.06
sur,2002,8.19
sur,2003,8.33
sur,2004,8.47
sur,2005,8.61
sur,2006,8.75
sur,2007,8.89
sur,2008,9.03
sur,2009,9.17
sur,2010,9.31
sur,2011,9.45
sur,2012,9.59
sur,2013,9.73
sur,2014,9.87
sur,2015,10.01
svk,1970,7.99
svk,1971,8.13
svk,1972,8.27
svk,1973,8.41
svk,1974,8.55
svk,1975,8.68
svk,1976,8.82
svk,1977,8.96
svk,1978,9.1
svk,1979,9.24
svk,1980,9.38
svk,1981,9.52
svk,1982,9.66
svk,1983,9.79
svk,1984,9.93
svk,1985,10.07
svk,1986,10.2
svk,1987,10.34
svk,1988,10.47
svk,1989,10.6
svk,1990,10.73
svk,1991,10.85
svk,1992,10.98
svk,1993,11.1
svk,1994,11.22
svk,1995,11.34
svk,1996,11.45
svk,1997,11.56
svk,1998,11.66
svk,1999,11.77
svk,2000,11.88
svk,2001,11.99
svk,2002,12.1
svk,2003,12.2
svk,2004,12.31
svk,2005,12.42
svk,2006,12.53
svk,2007,12.63
svk,2008,12.74
svk,2009,12.85
svk,2010,12.96
svk,2011,13.07
svk,2012,13.17
svk,2013,13.28
svk,2014,13.39
svk,2015,13.5
svn,1970,7.4
svn,1971,7.53
svn,1972,7.66
svn,1973,7.8
svn,1974,7.94
svn,1975,8.07
svn,1976,8.21
svn,1977,8.35
svn,1978,8.49
svn,1979,8.63
svn,1980,8.77
svn,1981,8.91
svn,1982,9.05
svn,1983,9.19
svn,1984,9.33
svn,1985,9.47
svn,1986,9.61
svn,1987,9.76
svn,1988,9.9
svn,1989,10.04
svn,1990,10.18
svn,1991,10.32
svn,1992,10.45
svn,1993,10.59
svn,1994,10.73
svn,1995,10.86
svn,1996,11
svn,1997,11.13
svn,1998,11.27
svn,1999,11.4
svn,2000,11.53
svn,2001,11.66
svn,2002,11.79
svn,2003,11.92
svn,2004,12.05
svn,2005,12.18
svn,2006,12.31
svn,2007,12.43
svn,2008,12.56
svn,2009,12.68
svn,2010,12.81
svn,2011,12.93
svn,2012,13.05
svn,2013,13.18
svn,2014,13.3
svn,2015,13.42
swe,1970,8.89
swe,1971,9.03
swe,1972,9.17
swe,1973,9.31
swe,1974,9.45
swe,1975,9.59
swe,1976,9.73
swe,1977,9.87
swe,1978,10.01
swe,1979,10.15
swe,1980,10.28
swe,1981,10.42
swe,1982,10.56
swe,1983,10.69
swe,1984,10.82
swe,1985,10.96
swe,1986,11.09
swe,1987,11.21
swe,1988,11.34
swe,1989,11.47
swe,1990,11.59
swe,1991,11.72
swe,1992,11.84
swe,1993,11.96
swe,1994,12.08
swe,1995,12.2
swe,1996,12.31
swe,1997,12.43
swe,1998,12.55
swe,1999,12.66
swe,2000,12.78
swe,2001,12.9
swe,2002,13.01
swe,2003,13.13
swe,2004,13.24
swe,2005,13.36
swe,2006,13.48
swe,2007,13.59
swe,2008,13.7
swe,2009,13.82
swe,2010,13.93
swe,2011,14.05
swe,2012,14.16
swe,2013,14.27
swe,2014,14.38
swe,2015,14.49
swz,1970,3.69
swz,1971,3.79
swz,1972,3.89
swz,1973,3.99
swz,1974,4.09
swz,1975,4.2
swz,1976,4.31
swz,1977,4.43
swz,1978,4.54
swz,1979,4.66
swz,1980,4.78
swz,1981,4.91
swz,1982,5.04
swz,1983,5.17
swz,1984,5.3
swz,1985,5.44
swz,1986,5.58
swz,1987,5.72
swz,1988,5.87
swz,1989,6.01
swz,1990,6.16
swz,1991,6.32
swz,1992,6.47
swz,1993,6.63
swz,1994,6.78
swz,1995,6.94
swz,1996,7.08
swz,1997,7.22
swz,1998,7.35
swz,1999,7.49
swz,2000,7.63
swz,2001,7.76
swz,2002,7.9
swz,2003,8.04
swz,2004,8.18
swz,2005,8.31
swz,2006,8.45
swz,2007,8.59
swz,2008,8.73
swz,2009,8.87
swz,2010,9
swz,2011,9.14
swz,2012,9.28
swz,2013,9.42
swz,2014,9.56
swz,2015,9.7
syc,1970,4.75
syc,1971,4.88
syc,1972,5.01
syc,1973,5.14
syc,1974,5.27
syc,1975,5.41
syc,1976,5.55
syc,1977,5.7
syc,1978,5.85
syc,1979,6
syc,1980,6.16
syc,1981,6.32
syc,1982,6.48
syc,1983,6.65
syc,1984,6.82
syc,1985,6.99
syc,1986,7.16
syc,1987,7.34
syc,1988,7.52
syc,1989,7.71
syc,1990,7.89
syc,1991,8.07
syc,1992,8.25
syc,1993,8.43
syc,1994,8.61
syc,1995,8.78
syc,1996,8.92
syc,1997,9.06
syc,1998,9.2
syc,1999,9.34
syc,2000,9.48
syc,2001,9.61
syc,2002,9.75
syc,2003,9.89
syc,2004,10.02
syc,2005,10.16
syc,2006,10.29
syc,2007,10.43
syc,2008,10.56
syc,2009,10.69
syc,2010,10.83
syc,2011,10.96
syc,2012,11.09
syc,2013,11.22
syc,2014,11.35
syc,2015,11.48
syr,1970,4.03
syr,1971,4.12
syr,1972,4.23
syr,1973,4.33
syr,1974,4.43
syr,1975,4.54
syr,1976,4.65
syr,1977,4.76
syr,1978,4.88
syr,1979,4.99
syr,1980,5.11
syr,1981,5.23
syr,1982,5.36
syr,1983,5.48
syr,1984,5.61
syr,1985,5.74
syr,1986,5.88
syr,1987,6.01
syr,1988,6.15
syr,1989,6.29
syr,1990,6.43
syr,1991,6.58
syr,1992,6.73
syr,1993,6.88
syr,1994,7.03
syr,1995,7.18
syr,1996,7.32
syr,1997,7.45
syr,1998,7.59
syr,1999,7.72
syr,2000,7.85
syr,2001,7.99
syr,2002,8.12
syr,2003,8.26
syr,2004,8.39
syr,2005,8.53
syr,2006,8.67
syr,2007,8.8
syr,2008,8.94
syr,2009,9.08
syr,2010,9.22
syr,2011,9.35
syr,2012,9.49
syr,2013,9.63
syr,2014,9.77
syr,2015,9.91
tcd,1970,1.62
tcd,1971,1.66
tcd,1972,1.7
tcd,1973,1.75
tcd,1974,1.79
tcd,1975,1.84
tcd,1976,1.89
tcd,1977,1.94
tcd,1978,1.99
tcd,1979,2.04
tcd,1980,2.09
tcd,1981,2.15
tcd,1982,2.2
tcd,1983,2.26
tcd,1984,2.32
tcd,1985,2.38
tcd,1986,2.44
tcd,1987,2.5
tcd,1988,2.56
tcd,1989,2.63
tcd,1990,2.69
tcd,1991,2.76
tcd,1992,2.83
tcd,1993,2.9
tcd,1994,2.97
tcd,1995,3.04
tcd,1996,3.12
tcd,1997,3.19
tcd,1998,3.27
tcd,1999,3.35
tcd,2000,3.43
tcd,2001,3.51
tcd,2002,3.59
tcd,2003,3.68
tcd,2004,3.76
tcd,2005,3.85
tcd,2006,3.94
tcd,2007,4.03
tcd,2008,4.12
tcd,2009,4.21
tcd,2010,4.3
tcd,2011,4.4
tcd,2012,4.5
tcd,2013,4.59
tcd,2014,4.69
tcd,2015,4.79
tgo,1970,2.79
tgo,1971,2.86
tgo,1972,2.93
tgo,1973,3
tgo,1974,3.08
tgo,1975,3.15
tgo,1976,3.23
tgo,1977,3.31
tgo,1978,3.39
tgo,1979,3.47
tgo,1980,3.56
tgo,1981,3.64
tgo,1982,3.73
tgo,1983,3.82
tgo,1984,3.91
tgo,1985,4
tgo,1986,4.1
tgo,1987,4.19
tgo,1988,4.29
tgo,1989,4.39
tgo,1990,4.49
tgo,1991,4.6
tgo,1992,4.7
tgo,1993,4.81
tgo,1994,4.92
tgo,1995,5.03
tgo,1996,5.14
tgo,1997,5.26
tgo,1998,5.38
tgo,1999,5.49
tgo,2000,5.61
tgo,2001,5.73
tgo,2002,5.86
tgo,2003,5.98
tgo,2004,6.1
tgo,2005,6.23
tgo,2006,6.35
tgo,2007,6.48
tgo,2008,6.61
tgo,2009,6.74
tgo,2010,6.86
tgo,2011,6.99
tgo,2012,7.12
tgo,2013,7.25
tgo,2014,7.39
tgo,2015,7.52
tha,1970,4.56
tha,1971,4.66
tha,1972,4.76
tha,1973,4.86
tha,1974,4.96
tha,1975,5.07
tha,1976,5.17
tha,1977,5.28
tha,1978,5.39
tha,1979,5.5
tha,1980,5.6
tha,1981,5.71
tha,1982,5.83
tha,1983,5.94
tha,1984,6.05
tha,1985,6.16
tha,1986,6.28
tha,1987,6.39
tha,1988,6.5
tha,1989,6.62
tha,1990,6.73
tha,1991,6.84
tha,1992,6.96
tha,1993,7.07
tha,1994,7.19
tha,1995,7.3
tha,1996,7.41
tha,1997,7.53
tha,1998,7.65
tha,1999,7.76
tha,2000,7.88
tha,2001,8
tha,2002,8.13
tha,2003,8.25
tha,2004,8.37
tha,2005,8.5
tha,2006,8.63
tha,2007,8.76
tha,2008,8.89
tha,2009,9.02
tha,2010,9.15
tha,2011,9.29
tha,2012,9.42
tha,2013,9.56
tha,2014,9.69
tha,2015,9.83
tjk,1970,7.51
tjk,1971,7.65
tjk,1972,7.78
tjk,1973,7.91
tjk,1974,8.05
tjk,1975,8.18
tjk,1976,8.31
tjk,1977,8.45
tjk,1978,8.58
tjk,1979,8.71
tjk,1980,8.84
tjk,1981,8.97
tjk,1982,9.1
tjk,1983,9.22
tjk,1984,9.34
tjk,1985,9.47
tjk,1986,9.58
tjk,1987,9.7
tjk,1988,9.81
tjk,1989,9.92
tjk,1990,10.03
tjk,1991,10.14
tjk,1992,10.24
tjk,1993,10.34
tjk,1994,10.43
tjk,1995,10.52
tjk,1996,10.6
tjk,1997,10.69
tjk,1998,10.77
tjk,1999,10.86
tjk,2000,10.95
tjk,2001,11.04
tjk,2002,11.13
tjk,2003,11.22
tjk,2004,11.32
tjk,2005,11.42
tjk,2006,11.52
tjk,2007,11.62
tjk,2008,11.72
tjk,2009,11.83
tjk,2010,11.94
tjk,2011,12.05
tjk,2012,12.16
tjk,2013,12.27
tjk,2014,12.38
tjk,2015,12.5
tkm,1970,7.76
tkm,1971,7.89
tkm,1972,8.03
tkm,1973,8.17
tkm,1974,8.3
tkm,1975,8.44
tkm,1976,8.58
tkm,1977,8.72
tkm,1978,8.86
tkm,1979,9
tkm,1980,9.14
tkm,1981,9.28
tkm,1982,9.42
tkm,1983,9.56
tkm,1984,9.7
tkm,1985,9.84
tkm,1986,9.98
tkm,1987,10.12
tkm,1988,10.26
tkm,1989,10.4
tkm,1990,10.54
tkm,1991,10.67
tkm,1992,10.81
tkm,1993,10.95
tkm,1994,11.09
tkm,1995,11.22
tkm,1996,11.36
tkm,1997,11.49
tkm,1998,11.63
tkm,1999,11.76
tkm,2000,11.9
tkm,2001,12.03
tkm,2002,12.16
tkm,2003,12.29
tkm,2004,12.42
tkm,2005,12.55
tkm,2006,12.68
tkm,2007,12.81
tkm,2008,12.93
tkm,2009,13.06
tkm,2010,13.18
tkm,2011,13.31
tkm,2012,13.43
tkm,2013,13.55
tkm,2014,13.67
tkm,2015,13.79
tls,1970,3.1
tls,1971,3.18
tls,1972,3.25
tls,1973,3.33
tls,1974,3.41
tls,1975,3.5
tls,1976,3.58
tls,1977,3.66
tls,1978,3.75
tls,1979,3.84
tls,1980,3.93
tls,1981,4.02
tls,1982,4.11
tls,1983,4.21
tls,1984,4.31
tls,1985,4.4
tls,1986,4.5
tls,1987,4.61
tls,1988,4.71
tls,1989,4.82
tls,1990,4.93
tls,1991,5.04
tls,1992,5.15
tls,1993,5.26
tls,1994,5.38
tls,1995,5.49
tls,1996,5.62
tls,1997,5.75
tls,1998,5.88
tls,1999,6.01
tls,2000,6.14
tls,2001,6.28
tls,2002,6.41
tls,2003,6.54
tls,2004,6.68
tls,2005,6.82
tls,2006,6.95
tls,2007,7.09
tls,2008,7.23
tls,2009,7.37
tls,2010,7.5
tls,2011,7.64
tls,2012,7.78
tls,2013,7.92
tls,2014,8.06
tls,2015,8.2
ton,1970,6.7
ton,1971,6.83
ton,1972,6.95
ton,1973,7.07
ton,1974,7.2
ton,1975,7.32
ton,1976,7.45
ton,1977,7.57
ton,1978,7.7
ton,1979,7.82
ton,1980,7.94
ton,1981,8.07
ton,1982,8.19
ton,1983,8.31
ton,1984,8.43
ton,1985,8.55
ton,1986,8.66
ton,1987,8.78
ton,1988,8.89
ton,1989,9
ton,1990,9.11
ton,1991,9.22
ton,1992,9.32
ton,1993,9.42
ton,1994,9.52
ton,1995,9.61
ton,1996,9.7
ton,1997,9.79
ton,1998,9.88
ton,1999,9.98
ton,2000,10.07
ton,2001,10.17
ton,2002,10.27
ton,2003,10.37
ton,2004,10.48
ton,2005,10.58
ton,2006,10.69
ton,2007,10.8
ton,2008,10.91
ton,2009,11.03
ton,2010,11.14
ton,2011,11.26
ton,2012,11.38
ton,2013,11.5
ton,2014,11.62
ton,2015,11.74
tto,1970,6.58
tto,1971,6.7
tto,1972,6.83
tto,1973,6.95
tto,1974,7.08
tto,1975,7.21
tto,1976,7.34
tto,1977,7.46
tto,1978,7.59
tto,1979,7.72
tto,1980,7.85
tto,1981,7.98
tto,1982,8.11
tto,1983,8.24
tto,1984,8.38
tto,1985,8.51
tto,1986,8.64
tto,1987,8.77
tto,1988,8.9
tto,1989,9.03
tto,1990,9.16
tto,1991,9.29
tto,1992,9.42
tto,1993,9.55
tto,1994,9.68
tto,1995,9.81
tto,1996,9.94
tto,1997,10.08
tto,1998,10.21
tto,1999,10.35
tto,2000,10.48
tto,2001,10.62
tto,2002,10.75
tto,2003,10.89
tto,2004,11.02
tto,2005,11.16
tto,2006,11.29
tto,2007,11.43
tto,2008,11.56
tto,2009,11.69
tto,2010,11.83
tto,2011,11.96
tto,2012,12.09
tto,2013,12.22
tto,2014,12.35
tto,2015,12.48
tun,1970,3.7
tun,1971,3.82
tun,1972,3.94
tun,1973,4.07
tun,1974,4.2
tun,1975,4.33
tun,1976,4.47
tun,1977,4.62
tun,1978,4.77
tun,1979,4.93
tun,1980,5.09
tun,1981,5.26
tun,1982,5.43
tun,1983,5.61
tun,1984,5.8
tun,1985,5.99
tun,1986,6.19
tun,1987,6.39
tun,1988,6.6
tun,1989,6.82
tun,1990,7.04
tun,1991,7.27
tun,1992,7.5
tun,1993,7.73
tun,1994,7.97
tun,1995,8.2
tun,1996,8.36
tun,1997,8.51
tun,1998,8.67
tun,1999,8.82
tun,2000,8.97
tun,2001,9.12
tun,2002,9.27
tun,2003,9.41
tun,2004,9.56
tun,2005,9.7
tun,2006,9.84
tun,2007,9.99
tun,2008,10.13
tun,2009,10.27
tun,2010,10.41
tun,2011,10.55
tun,2012,10.69
tun,2013,10.82
tun,2014,10.96
tun,2015,11.1
tur,1970,4.75
tur,1971,4.86
tur,1972,4.96
tur,1973,5.07
tur,1974,5.18
tur,1975,5.29
tur,1976,5.4
tur,1977,5.51
tur,1978,5.62
tur,1979,5.73
tur,1980,5.85
tur,1981,5.96
tur,1982,6.08
tur,1983,6.19
tur,1984,6.31
tur,1985,6.43
tur,1986,6.55
tur,1987,6.66
tur,1988,6.78
tur,1989,6.9
tur,1990,7.02
tur,1991,7.14
tur,1992,7.26
tur,1993,7.38
tur,1994,7.5
tur,1995,7.62
tur,1996,7.74
tur,1997,7.87
tur,1998,7.99
tur,1999,8.12
tur,2000,8.25
tur,2001,8.38
tur,2002,8.51
tur,2003,8.64
tur,2004,8.78
tur,2005,8.91
tur,2006,9.05
tur,2007,9.19
tur,2008,9.32
tur,2009,9.46
tur,2010,9.6
tur,2011,9.74
tur,2012,9.88
tur,2013,10.02
tur,2014,10.16
tur,2015,10.3
twn,1970,7.6
twn,1971,7.75
twn,1972,7.9
twn,1973,8.05
twn,1974,8.2
twn,1975,8.36
twn,1976,8.51
twn,1977,8.66
twn,1978,8.82
twn,1979,8.97
twn,1980,9.13
twn,1981,9.29
twn,1982,9.44
twn,1983,9.6
twn,1984,9.75
twn,1985,9.91
twn,1986,10.06
twn,1987,10.21
twn,1988,10.36
twn,1989,10.51
twn,1990,10.66
twn,1991,10.81
twn,1992,10.95
twn,1993,11.1
twn,1994,11.24
twn,1995,11.38
twn,1996,11.52
twn,1997,11.66
twn,1998,11.79
twn,1999,11.93
twn,2000,12.06
twn,2001,12.19
twn,2002,12.32
twn,2003,12.45
twn,2004,12.58
twn,2005,12.71
twn,2006,12.84
twn,2007,12.96
twn,2008,13.08
twn,2009,13.2
twn,2010,13.33
twn,2011,13.44
twn,2012,13.56
twn,2013,13.68
twn,2014,13.79
twn,2015,13.91
tza,1970,3.4
tza,1971,3.48
tza,1972,3.57
tza,1973,3.65
tza,1974,3.74
tza,1975,3.82
tza,1976,3.91
tza,1977,4
tza,1978,4.09
tza,1979,4.18
tza,1980,4.28
tza,1981,4.37
tza,1982,4.47
tza,1983,4.57
tza,1984,4.66
tza,1985,4.76
tza,1986,4.86
tza,1987,4.96
tza,1988,5.06
tza,1989,5.16
tza,1990,5.26
tza,1991,5.36
tza,1992,5.47
tza,1993,5.57
tza,1994,5.67
tza,1995,5.77
tza,1996,5.87
tza,1997,5.97
tza,1998,6.06
tza,1999,6.16
tza,2000,6.27
tza,2001,6.37
tza,2002,6.47
tza,2003,6.58
tza,2004,6.68
tza,2005,6.79
tza,2006,6.9
tza,2007,7.01
tza,2008,7.13
tza,2009,7.24
tza,2010,7.36
tza,2011,7.48
tza,2012,7.6
tza,2013,7.72
tza,2014,7.84
tza,2015,7.96
uga,1970,3.32
uga,1971,3.4
uga,1972,3.48
uga,1973,3.56
uga,1974,3.64
uga,1975,3.73
uga,1976,3.82
uga,1977,3.9
uga,1978,3.99
uga,1979,4.08
uga,1980,4.18
uga,1981,4.27
uga,1982,4.37
uga,1983,4.46
uga,1984,4.56
uga,1985,4.66
uga,1986,4.76
uga,1987,4.87
uga,1988,4.97
uga,1989,5.07
uga,1990,5.18
uga,1991,5.29
uga,1992,5.39
uga,1993,5.5
uga,1994,5.61
uga,1995,5.72
uga,1996,5.83
uga,1997,5.95
uga,1998,6.06
uga,1999,6.18
uga,2000,6.29
uga,2001,6.41
uga,2002,6.53
uga,2003,6.65
uga,2004,6.77
uga,2005,6.89
uga,2006,7.01
uga,2007,7.14
uga,2008,7.26
uga,2009,7.39
uga,2010,7.52
uga,2011,7.65
uga,2012,7.78
uga,2013,7.91
uga,2014,8.04
uga,2015,8.17
ukr,1970,7.57
ukr,1971,7.71
ukr,1972,7.85
ukr,1973,7.99
ukr,1974,8.13
ukr,1975,8.27
ukr,1976,8.41
ukr,1977,8.55
ukr,1978,8.7
ukr,1979,8.84
ukr,1980,8.99
ukr,1981,9.13
ukr,1982,9.28
ukr,1983,9.42
ukr,1984,9.57
ukr,1985,9.72
ukr,1986,9.86
ukr,1987,10.01
ukr,1988,10.16
ukr,1989,10.3
ukr,1990,10.45
ukr,1991,10.6
ukr,1992,10.74
ukr,1993,10.89
ukr,1994,11.04
ukr,1995,11.18
ukr,1996,11.34
ukr,1997,11.49
ukr,1998,11.64
ukr,1999,11.79
ukr,2000,11.94
ukr,2001,12.09
ukr,2002,12.24
ukr,2003,12.39
ukr,2004,12.54
ukr,2005,12.69
ukr,2006,12.83
ukr,2007,12.98
ukr,2008,13.12
ukr,2009,13.26
ukr,2010,13.4
ukr,2011,13.54
ukr,2012,13.68
ukr,2013,13.81
ukr,2014,13.94
ukr,2015,14.07
ury,1970,5.99
ury,1971,6.1
ury,1972,6.21
ury,1973,6.33
ury,1974,6.44
ury,1975,6.56
ury,1976,6.67
ury,1977,6.79
ury,1978,6.9
ury,1979,7.02
ury,1980,7.13
ury,1981,7.24
ury,1982,7.36
ury,1983,7.47
ury,1984,7.58
ury,1985,7.69
ury,1986,7.8
ury,1987,7.91
ury,1988,8.01
ury,1989,8.12
ury,1990,8.22
ury,1991,8.32
ury,1992,8.42
ury,1993,8.51
ury,1994,8.61
ury,1995,8.7
ury,1996,8.79
ury,1997,8.89
ury,1998,8.99
ury,1999,9.09
ury,2000,9.19
ury,2001,9.3
ury,2002,9.41
ury,2003,9.52
ury,2004,9.64
ury,2005,9.75
ury,2006,9.87
ury,2007,9.99
ury,2008,10.1
ury,2009,10.23
ury,2010,10.35
ury,2011,10.47
ury,2012,10.6
ury,2013,10.72
ury,2014,10.85
ury,2015,10.98
usa,1970,12.22
usa,1971,12.34
usa,1972,12.44
usa,1973,12.54
usa,1974,12.63
usa,1975,12.72
usa,1976,12.8
usa,1977,12.88
usa,1978,12.95
usa,1979,13.01
usa,1980,13.07
usa,1981,13.12
usa,1982,13.17
usa,1983,13.21
usa,1984,13.25
usa,1985,13.28
usa,1986,13.3
usa,1987,13.33
usa,1988,13.34
usa,1989,13.36
usa,1990,13.37
usa,1991,13.37
usa,1992,13.38
usa,1993,13.38
usa,1994,13.38
usa,1995,13.38
usa,1996,13.39
usa,1997,13.4
usa,1998,13.42
usa,1999,13.45
usa,2000,13.48
usa,2001,13.51
usa,2002,13.55
usa,2003,13.6
usa,2004,13.65
usa,2005,13.71
usa,2006,13.78
usa,2007,13.85
usa,2008,13.93
usa,2009,14.01
usa,2010,14.1
usa,2011,14.19
usa,2012,14.29
usa,2013,14.39
usa,2014,14.49
usa,2015,14.6
uzb,1970,7.32
uzb,1971,7.45
uzb,1972,7.58
uzb,1973,7.72
uzb,1974,7.85
uzb,1975,7.98
uzb,1976,8.12
uzb,1977,8.25
uzb,1978,8.39
uzb,1979,8.52
uzb,1980,8.65
uzb,1981,8.79
uzb,1982,8.92
uzb,1983,9.05
uzb,1984,9.18
uzb,1985,9.31
uzb,1986,9.43
uzb,1987,9.56
uzb,1988,9.68
uzb,1989,9.8
uzb,1990,9.92
uzb,1991,10.04
uzb,1992,10.16
uzb,1993,10.27
uzb,1994,10.38
uzb,1995,10.49
uzb,1996,10.59
uzb,1997,10.7
uzb,1998,10.8
uzb,1999,10.91
uzb,2000,11.01
uzb,2001,11.12
uzb,2002,11.22
uzb,2003,11.33
uzb,2004,11.44
uzb,2005,11.55
uzb,2006,11.66
uzb,2007,11.77
uzb,2008,11.89
uzb,2009,12
uzb,2010,12.12
uzb,2011,12.24
uzb,2012,12.36
uzb,2013,12.48
uzb,2014,12.6
uzb,2015,12.72
vct,1970,4.61
vct,1971,4.71
vct,1972,4.81
vct,1973,4.92
vct,1974,5.02
vct,1975,5.13
vct,1976,5.24
vct,1977,5.34
vct,1978,5.45
vct,1979,5.57
vct,1980,5.68
vct,1981,5.79
vct,1982,5.91
vct,1983,6.03
vct,1984,6.15
vct,1985,6.27
vct,1986,6.39
vct,1987,6.51
vct,1988,6.64
vct,1989,6.76
vct,1990,6.89
vct,1991,7.01
vct,1992,7.14
vct,1993,7.27
vct,1994,7.4
vct,1995,7.53
vct,1996,7.66
vct,1997,7.8
vct,1998,7.93
vct,1999,8.06
vct,2000,8.2
vct,2001,8.33
vct,2002,8.47
vct,2003,8.61
vct,2004,8.75
vct,2005,8.88
vct,2006,9.02
vct,2007,9.16
vct,2008,9.3
vct,2009,9.44
vct,2010,9.58
vct,2011,9.72
vct,2012,9.86
vct,2013,10
vct,2014,10.14
vct,2015,10.28
ven,1970,4.94
ven,1971,5.04
ven,1972,5.15
ven,1973,5.26
ven,1974,5.37
ven,1975,5.48
ven,1976,5.59
ven,1977,5.7
ven,1978,5.82
ven,1979,5.93
ven,1980,6.05
ven,1981,6.17
ven,1982,6.28
ven,1983,6.4
ven,1984,6.52
ven,1985,6.64
ven,1986,6.76
ven,1987,6.89
ven,1988,7.01
ven,1989,7.13
ven,1990,7.25
ven,1991,7.38
ven,1992,7.5
ven,1993,7.62
ven,1994,7.75
ven,1995,7.87
ven,1996,7.99
ven,1997,8.12
ven,1998,8.24
ven,1999,8.37
ven,2000,8.5
ven,2001,8.63
ven,2002,8.76
ven,2003,8.89
ven,2004,9.03
ven,2005,9.16
ven,2006,9.29
ven,2007,9.43
ven,2008,9.56
ven,2009,9.7
ven,2010,9.84
ven,2011,9.97
ven,2012,10.11
ven,2013,10.24
ven,2014,10.38
ven,2015,10.52
vnm,1970,4.52
vnm,1971,4.61
vnm,1972,4.71
vnm,1973,4.82
vnm,1974,4.92
vnm,1975,5.02
vnm,1976,5.13
vnm,1977,5.23
vnm,1978,5.34
vnm,1979,5.45
vnm,1980,5.55
vnm,1981,5.66
vnm,1982,5.77
vnm,1983,5.88
vnm,1984,5.99
vnm,1985,6.11
vnm,1986,6.22
vnm,1987,6.33
vnm,1988,6.44
vnm,1989,6.55
vnm,1990,6.67
vnm,1991,6.78
vnm,1992,6.89
vnm,1993,7
vnm,1994,7.11
vnm,1995,7.23
vnm,1996,7.34
vnm,1997,7.45
vnm,1998,7.56
vnm,1999,7.68
vnm,2000,7.79
vnm,2001,7.91
vnm,2002,8.03
vnm,2003,8.15
vnm,2004,8.27
vnm,2005,8.39
vnm,2006,8.51
vnm,2007,8.64
vnm,2008,8.77
vnm,2009,8.89
vnm,2010,9.02
vnm,2011,9.16
vnm,2012,9.29
vnm,2013,9.42
vnm,2014,9.56
vnm,2015,9.69
vut,1970,4.02
vut,1971,4.11
vut,1972,4.2
vut,1973,4.29
vut,1974,4.39
vut,1975,4.48
vut,1976,4.58
vut,1977,4.68
vut,1978,4.78
vut,1979,4.88
vut,1980,4.99
vut,1981,5.09
vut,1982,5.2
vut,1983,5.3
vut,1984,5.41
vut,1985,5.52
vut,1986,5.63
vut,1987,5.75
vut,1988,5.86
vut,1989,5.98
vut,1990,6.09
vut,1991,6.21
vut,1992,6.33
vut,1993,6.45
vut,1994,6.57
vut,1995,6.7
vut,1996,6.82
vut,1997,6.95
vut,1998,7.07
vut,1999,7.2
vut,2000,7.33
vut,2001,7.46
vut,2002,7.59
vut,2003,7.72
vut,2004,7.85
vut,2005,7.99
vut,2006,8.12
vut,2007,8.26
vut,2008,8.4
vut,2009,8.53
vut,2010,8.67
vut,2011,8.81
vut,2012,8.95
vut,2013,9.09
vut,2014,9.23
vut,2015,9.37
wsm,1970,5.95
wsm,1971,6.08
wsm,1972,6.2
wsm,1973,6.33
wsm,1974,6.46
wsm,1975,6.59
wsm,1976,6.72
wsm,1977,6.86
wsm,1978,6.99
wsm,1979,7.13
wsm,1980,7.27
wsm,1981,7.41
wsm,1982,7.55
wsm,1983,7.69
wsm,1984,7.83
wsm,1985,7.98
wsm,1986,8.13
wsm,1987,8.28
wsm,1988,8.43
wsm,1989,8.58
wsm,1990,8.74
wsm,1991,8.9
wsm,1992,9.06
wsm,1993,9.23
wsm,1994,9.4
wsm,1995,9.58
wsm,1996,9.72
wsm,1997,9.86
wsm,1998,10
wsm,1999,10.14
wsm,2000,10.28
wsm,2001,10.42
wsm,2002,10.55
wsm,2003,10.69
wsm,2004,10.83
wsm,2005,10.97
wsm,2006,11.11
wsm,2007,11.25
wsm,2008,11.38
wsm,2009,11.52
wsm,2010,11.66
wsm,2011,11.79
wsm,2012,11.93
wsm,2013,12.06
wsm,2014,12.19
wsm,2015,12.33
yem,1970,2.24
yem,1971,2.3
yem,1972,2.37
yem,1973,2.44
yem,1974,2.51
yem,1975,2.58
yem,1976,2.66
yem,1977,2.74
yem,1978,2.82
yem,1979,2.9
yem,1980,2.99
yem,1981,3.08
yem,1982,3.17
yem,1983,3.26
yem,1984,3.36
yem,1985,3.46
yem,1986,3.57
yem,1987,3.67
yem,1988,3.79
yem,1989,3.9
yem,1990,4.02
yem,1991,4.15
yem,1992,4.28
yem,1993,4.42
yem,1994,4.56
yem,1995,4.71
yem,1996,4.87
yem,1997,5.03
yem,1998,5.2
yem,1999,5.36
yem,2000,5.52
yem,2001,5.68
yem,2002,5.84
yem,2003,5.99
yem,2004,6.15
yem,2005,6.31
yem,2006,6.46
yem,2007,6.61
yem,2008,6.77
yem,2009,6.92
yem,2010,7.07
yem,2011,7.22
yem,2012,7.37
yem,2013,7.51
yem,2014,7.66
yem,2015,7.8
zaf,1970,5.67
zaf,1971,5.77
zaf,1972,5.88
zaf,1973,5.98
zaf,1974,6.09
zaf,1975,6.19
zaf,1976,6.3
zaf,1977,6.4
zaf,1978,6.51
zaf,1979,6.62
zaf,1980,6.72
zaf,1981,6.83
zaf,1982,6.93
zaf,1983,7.04
zaf,1984,7.15
zaf,1985,7.25
zaf,1986,7.36
zaf,1987,7.47
zaf,1988,7.58
zaf,1989,7.68
zaf,1990,7.79
zaf,1991,7.9
zaf,1992,8.01
zaf,1993,8.12
zaf,1994,8.23
zaf,1995,8.34
zaf,1996,8.46
zaf,1997,8.59
zaf,1998,8.72
zaf,1999,8.86
zaf,2000,8.99
zaf,2001,9.12
zaf,2002,9.25
zaf,2003,9.39
zaf,2004,9.52
zaf,2005,9.66
zaf,2006,9.79
zaf,2007,9.93
zaf,2008,10.06
zaf,2009,10.2
zaf,2010,10.33
zaf,2011,10.47
zaf,2012,10.6
zaf,2013,10.74
zaf,2014,10.87
zaf,2015,11.01
zmb,1970,3.97
zmb,1971,4.06
zmb,1972,4.16
zmb,1973,4.26
zmb,1974,4.36
zmb,1975,4.46
zmb,1976,4.56
zmb,1977,4.67
zmb,1978,4.78
zmb,1979,4.88
zmb,1980,4.99
zmb,1981,5.1
zmb,1982,5.22
zmb,1983,5.33
zmb,1984,5.44
zmb,1985,5.56
zmb,1986,5.68
zmb,1987,5.79
zmb,1988,5.91
zmb,1989,6.03
zmb,1990,6.14
zmb,1991,6.26
zmb,1992,6.38
zmb,1993,6.5
zmb,1994,6.61
zmb,1995,6.73
zmb,1996,6.84
zmb,1997,6.95
zmb,1998,7.06
zmb,1999,7.17
zmb,2000,7.29
zmb,2001,7.4
zmb,2002,7.52
zmb,2003,7.63
zmb,2004,7.75
zmb,2005,7.87
zmb,2006,7.99
zmb,2007,8.11
zmb,2008,8.23
zmb,2009,8.35
zmb,2010,8.47
zmb,2011,8.6
zmb,2012,8.72
zmb,2013,8.85
zmb,2014,8.98
zmb,2015,9.11
zwe,1970,5.26
zwe,1971,5.37
zwe,1972,5.49
zwe,1973,5.6
zwe,1974,5.72
zwe,1975,5.84
zwe,1976,5.95
zwe,1977,6.08
zwe,1978,6.2
zwe,1979,6.32
zwe,1980,6.44
zwe,1981,6.57
zwe,1982,6.7
zwe,1983,6.83
zwe,1984,6.95
zwe,1985,7.08
zwe,1986,7.21
zwe,1987,7.35
zwe,1988,7.48
zwe,1989,7.61
zwe,1990,7.74
zwe,1991,7.88
zwe,1992,8.01
zwe,1993,8.14
zwe,1994,8.28
zwe,1995,8.41
zwe,1996,8.54
zwe,1997,8.67
zwe,1998,8.8
zwe,1999,8.93
zwe,2000,9.07
zwe,2001,9.2
zwe,2002,9.33
zwe,2003,9.47
zwe,2004,9.6
zwe,2005,9.73
zwe,2006,9.87
zwe,2007,10
zwe,2008,10.14
zwe,2009,10.27
zwe,2010,10.41
zwe,2011,10.54
zwe,2012,10.68
zwe,2013,10.81
zwe,2014,10.94
zwe,2015,11.08
